23 -1 26 -1 23 -1 13 -2
13 -1 03 -1 07 -1 13 -1 03 -1 13 -2
17 -1 18 -1 13 -1 26 -2
26 -1 26 -1 23 -1 26 -1 26 -1 11 -1 13 -1 17 -1 26 -1 26 -1 26 -1 26 -1 26 -1 13 -1 26 -2
26 -1 23 -1 07 -1 23 -2
23 -1 26 -1 23 -1 26 -1 13 -1 23 -1 26 -1 07 -1 23 -1 26 -1 13 -1 23 -1 26 -1 03 -1 07 -1 13 -1 23 -1 26 -1 23 -1 26 -1 23 -1 26 -1 03 -1 07 -1 13 -1 23 -1 26 -1 23 -1 26 -2
26 -1 18 -1 26 -1 26 -1 26 -1 13 -2
13 -2
11 -1 13 -1 11 -1 13 -1 18 -1 23 -1 17 -1 17 -2
26 -1 23 -1 26 -1 26 -1 03 -1 23 -1 26 -1 23 -1 26 -1 23 -1 26 -1 26 -2
11 -1 06 -1 03 -1 11 -2
09 -1 11 -2
13 -1 19 -1 23 -1 26 -2
11 -1 19 -1 26 -1 26 -1 13 -1 17 -1 23 -1 26 -1 11 -1 23 -1 26 -2
17 -1 23 -1 26 -1 11 -1 17 -1 23 -1 26 -2
13 -1 17 -1 17 -1 26 -1 26 -1 17 -2
18 -1 03 -1 11 -1 13 -1 13 -1 17 -1 23 -1 26 -1 23 -1 26 -2
13 -1 26 -2
13 -1 23 -2
26 -1 26 -1 13 -1 26 -1 13 -2
13 -1 23 -1 26 -1 09 -1 13 -1 26 -1 30 -1 13 -1 23 -1 26 -1 13 -1 23 -1 26 -1 09 -1 26 -1 13 -1 17 -1 19 -1 11 -1 17 -1 26 -1 13 -1 26 -1 26 -1 11 -1 13 -1 23 -1 23 -1 26 -1 23 -1 26 -1 23 -1 26 -1 13 -1 17 -1 13 -1 23 -1 26 -1 03 -1 26 -1 11 -1 17 -1 26 -1 13 -2
13 -1 23 -1 26 -1 13 -1 09 -1 23 -1 26 -1 13 -1 23 -1 26 -1 13 -1 23 -1 26 -1 13 -1 23 -1 13 -1 23 -1 26 -1 13 -1 23 -1 26 -1 13 -2
13 -2
19 -1 26 -2
13 -1 26 -1 26 -1 13 -1 26 -2
13 -1 13 -2
21 -1 21 -1 21 -1 21 -1 21 -1 21 -1 21 -1 21 -1 21 -1 21 -1 21 -1 21 -1 21 -1 21 -1 21 -1 21 -1 21 -1 21 -1 21 -1 21 -1 21 -1 26 -1 13 -2
18 -1 18 -1 13 -1 18 -1 09 -1 09 -1 26 -2
13 -1 17 -1 11 -1 17 -1 23 -1 26 -2
19 -2
26 -1 03 -1 07 -1 13 -1 26 -1 26 -1 26 -1 26 -1 07 -1 26 -1 26 -1 11 -1 26 -2
13 -1 07 -1 26 -2
11 -1 13 -1 17 -1 11 -1 23 -1 26 -1 03 -1 13 -1 23 -1 26 -1 26 -1 23 -1 26 -1 13 -1 23 -1 26 -1 13 -1 23 -1 26 -1 13 -1 23 -1 26 -2
13 -1 13 -2
03 -2
26 -1 13 -1 07 -1 26 -1 26 -1 13 -1 19 -1 23 -1 26 -1 09 -1 13 -1 26 -1 13 -1 17 -1 26 -1 03 -1 13 -1 23 -1 26 -1 11 -1 11 -1 11 -1 23 -1 26 -1 26 -1 13 -1 19 -1 26 -1 26 -1 13 -1 23 -1 26 -1 11 -1 26 -1 26 -2
13 -1 26 -1 13 -1 17 -1 13 -1 23 -1 26 -1 13 -1 23 -1 26 -2
26 -1 17 -1 26 -1 26 -1 15 -1 17 -1 26 -1 26 -1 03 -1 03 -1 26 -1 11 -1 23 -1 26 -2
26 -1 26 -1 26 -1 26 -1 26 -1 03 -1 26 -1 26 -1 03 -1 23 -1 26 -1 23 -1 26 -1 03 -1 03 -1 03 -1 03 -1 03 -1 26 -1 26 -1 03 -1 26 -2
11 -1 13 -1 23 -1 26 -2
11 -1 03 -1 13 -1 09 -1 11 -2
17 -1 11 -1 21 -1 13 -1 23 -1 26 -1 21 -1 13 -1 23 -1 26 -1 20 -1 21 -1 20 -1 20 -1 20 -1 20 -1 20 -1 20 -1 11 -1 17 -1 20 -1 20 -1 03 -1 07 -1 20 -1 21 -1 23 -1 06 -1 06 -1 20 -1 20 -1 20 -1 11 -1 21 -1 20 -1 20 -1 20 -1 20 -1 17 -1 20 -1 20 -1 26 -1 20 -1 17 -1 20 -1 20 -1 20 -1 20 -1 21 -1 20 -1 20 -1 20 -2
13 -1 03 -1 03 -1 26 -1 26 -2
09 -1 13 -1 30 -1 07 -1 23 -1 26 -1 06 -1 26 -2
17 -1 17 -1 26 -1 03 -1 17 -1 23 -1 26 -1 17 -1 17 -1 09 -1 03 -1 06 -1 09 -1 13 -1 13 -1 23 -1 13 -1 09 -1 17 -1 23 -1 17 -1 13 -1 17 -1 26 -1 11 -1 12 -1 07 -1 23 -1 11 -1 17 -2
13 -1 11 -1 17 -1 26 -1 20 -1 20 -1 20 -1 20 -1 20 -1 20 -1 20 -1 20 -1 20 -1 13 -2
26 -1 03 -1 09 -1 26 -1 15 -1 17 -2
20 -1 20 -1 20 -1 20 -1 20 -1 20 -1 20 -1 20 -1 20 -1 20 -1 20 -1 20 -1 20 -1 20 -1 20 -1 20 -1 20 -1 20 -1 20 -1 20 -1 20 -1 20 -1 20 -1 20 -1 20 -2
13 -1 03 -1 07 -1 13 -1 23 -1 26 -1 13 -1 26 -1 13 -1 17 -1 26 -2
26 -1 13 -1 23 -1 26 -1 23 -1 26 -1 09 -1 11 -1 23 -1 26 -1 26 -1 13 -1 23 -1 26 -1 26 -1 26 -1 13 -1 23 -1 26 -1 26 -1 26 -1 13 -1 23 -1 26 -1 23 -1 23 -2
23 -1 26 -1 23 -1 26 -1 23 -1 26 -1 03 -1 07 -1 26 -2
26 -1 13 -1 26 -1 26 -1 13 -1 08 -1 08 -1 08 -1 08 -1 08 -1 08 -1 09 -1 08 -1 08 -1 13 -1 17 -1 26 -1 03 -1 19 -1 08 -1 08 -1 08 -1 03 -1 08 -1 08 -1 13 -1 26 -1 03 -1 08 -1 08 -1 08 -1 08 -1 08 -1 08 -1 08 -1 26 -1 08 -1 08 -1 08 -1 11 -1 26 -1 03 -1 13 -1 26 -1 03 -1 07 -1 13 -1 26 -1 13 -1 26 -1 03 -1 07 -1 13 -1 13 -1 26 -1 26 -1 26 -2
23 -1 13 -1 23 -1 23 -1 13 -1 23 -1 23 -1 13 -1 17 -1 23 -2
26 -1 26 -1 26 -1 26 -1 17 -1 26 -1 26 -1 26 -2
26 -1 23 -1 26 -1 03 -1 03 -1 26 -1 23 -1 26 -2
13 -1 23 -1 26 -2
26 -1 03 -1 26 -1 09 -1 13 -1 17 -1 17 -1 26 -1 23 -1 26 -1 09 -2
09 -1 03 -1 13 -1 26 -1 03 -1 07 -1 03 -1 07 -1 09 -1 11 -1 13 -1 23 -1 26 -1 13 -1 23 -1 26 -1 03 -1 07 -1 13 -1 26 -1 09 -1 03 -1 07 -1 09 -1 13 -1 03 -1 07 -1 13 -1 09 -1 13 -1 13 -1 19 -1 09 -1 13 -2
23 -1 26 -1 08 -1 13 -1 13 -1 17 -1 23 -1 26 -1 20 -1 13 -1 13 -1 13 -1 19 -1 13 -1 13 -1 19 -1 13 -1 20 -1 13 -1 20 -1 13 -1 26 -1 19 -1 23 -1 26 -1 19 -1 13 -1 23 -1 26 -1 03 -1 11 -1 13 -1 13 -1 13 -1 19 -1 13 -1 13 -1 26 -1 13 -1 23 -1 26 -2
26 -1 26 -1 26 -1 17 -1 26 -1 26 -1 17 -1 26 -1 26 -1 26 -1 11 -1 12 -1 26 -1 11 -1 26 -1 07 -1 11 -1 26 -1 17 -1 26 -1 26 -2
26 -1 26 -1 26 -1 03 -2
26 -1 26 -2
19 -1 23 -1 26 -1 13 -1 17 -1 23 -1 26 -1 23 -1 26 -2
11 -1 26 -1 03 -1 26 -2
23 -1 23 -1 23 -1 03 -1 17 -1 17 -1 23 -1 26 -1 18 -1 23 -1 26 -1 23 -1 18 -1 23 -1 23 -1 18 -1 17 -1 23 -1 26 -1 07 -1 23 -1 26 -1 23 -2
03 -1 17 -1 26 -1 06 -1 13 -1 26 -1 13 -1 26 -1 18 -1 17 -1 13 -1 17 -1 23 -1 26 -1 03 -1 13 -1 06 -1 06 -1 07 -1 13 -1 07 -1 13 -1 07 -1 13 -1 07 -1 13 -1 07 -1 13 -1 07 -1 13 -1 19 -1 13 -1 17 -1 23 -1 13 -1 26 -1 03 -1 13 -1 23 -1 26 -1 26 -1 13 -1 03 -2
18 -2
13 -1 23 -1 26 -1 23 -1 26 -1 13 -1 06 -1 26 -1 30 -1 13 -1 26 -2
23 -1 23 -1 23 -1 23 -1 26 -2
03 -1 23 -1 26 -1 23 -1 26 -2
23 -1 26 -2
23 -1 26 -1 23 -1 26 -1 03 -1 23 -1 26 -1 23 -1 26 -1 23 -1 26 -1 23 -1 26 -1 23 -1 26 -1 23 -1 26 -1 23 -1 26 -1 23 -1 26 -1 23 -1 26 -2
19 -1 23 -1 26 -1 19 -1 23 -1 26 -1 19 -1 13 -1 23 -1 26 -1 19 -1 19 -1 26 -1 18 -1 23 -1 26 -1 19 -1 19 -1 26 -1 19 -1 19 -1 26 -1 13 -1 23 -1 26 -1 19 -1 19 -1 26 -1 13 -1 26 -1 11 -1 03 -1 07 -1 13 -1 23 -1 26 -1 23 -1 26 -1 10 -1 13 -2
03 -1 17 -1 23 -1 26 -1 17 -1 17 -1 26 -1 17 -1 11 -1 11 -1 11 -2
26 -1 13 -1 26 -1 26 -1 26 -1 26 -1 26 -1 19 -1 17 -1 17 -1 03 -1 07 -1 26 -1 26 -2
26 -1 13 -1 03 -1 13 -1 13 -1 17 -1 23 -1 26 -1 06 -1 13 -1 26 -1 13 -1 13 -2
26 -1 26 -1 13 -1 26 -1 08 -1 08 -1 26 -1 26 -1 26 -1 26 -1 26 -1 26 -1 13 -1 26 -1 26 -2
11 -1 17 -1 17 -1 26 -1 13 -1 17 -1 23 -1 26 -2
26 -2
23 -2
23 -1 26 -2
26 -2
26 -1 03 -1 03 -1 03 -1 26 -1 13 -1 23 -1 26 -1 09 -1 03 -1 07 -2
18 -2
09 -2
23 -1 26 -1 26 -1 23 -1 26 -1 26 -1 17 -1 23 -1 26 -1 03 -1 07 -1 03 -1 23 -1 26 -1 23 -1 09 -1 23 -1 26 -1 23 -1 23 -1 26 -1 23 -1 23 -1 26 -1 23 -1 16 -1 23 -1 26 -1 06 -1 11 -1 23 -1 26 -1 26 -1 23 -1 26 -1 23 -1 26 -1 23 -1 26 -1 26 -1 23 -1 26 -1 23 -1 26 -1 23 -1 26 -1 23 -1 26 -1 26 -1 26 -1 23 -1 26 -1 23 -1 26 -1 26 -2
23 -1 03 -2
32 -1 32 -2
06 -2
13 -1 23 -1 26 -1 03 -1 13 -1 23 -1 26 -1 13 -1 23 -1 26 -1 13 -1 23 -1 26 -1 13 -1 23 -1 26 -1 13 -1 23 -1 26 -1 13 -1 23 -1 26 -1 13 -1 23 -1 26 -1 13 -1 13 -1 23 -1 26 -1 23 -1 26 -1 26 -1 03 -1 23 -1 13 -1 23 -1 26 -1 13 -1 23 -1 26 -1 13 -1 23 -1 26 -1 13 -1 23 -1 26 -1 23 -1 26 -1 13 -1 23 -1 26 -1 13 -1 23 -1 26 -1 26 -1 26 -1 13 -2
26 -1 26 -1 17 -1 26 -1 17 -1 23 -1 26 -1 23 -1 26 -1 26 -1 17 -1 23 -1 26 -1 03 -1 07 -1 17 -1 23 -1 26 -1 17 -1 23 -1 26 -1 03 -1 17 -1 26 -1 26 -2
11 -2
03 -1 11 -1 17 -1 30 -1 26 -1 11 -1 13 -1 10 -1 26 -1 13 -1 13 -1 17 -1 17 -1 13 -1 23 -1 26 -1 06 -1 06 -1 13 -1 23 -1 09 -1 13 -1 10 -1 13 -1 03 -1 13 -1 26 -1 03 -1 07 -1 09 -1 13 -1 26 -1 13 -1 17 -1 19 -1 26 -1 03 -1 07 -1 13 -1 17 -1 26 -2
26 -1 03 -1 13 -1 26 -1 26 -1 03 -1 13 -1 13 -1 26 -1 26 -1 17 -1 23 -1 26 -1 09 -1 11 -1 13 -1 26 -1 07 -1 23 -1 26 -1 13 -1 13 -1 23 -1 26 -1 26 -1 03 -1 06 -1 06 -1 26 -1 13 -1 09 -1 13 -1 26 -1 03 -1 26 -1 26 -1 09 -1 03 -1 13 -1 26 -1 26 -1 03 -1 13 -1 26 -1 26 -1 03 -1 26 -1 26 -2
17 -1 09 -2
13 -1 23 -1 26 -1 03 -1 03 -1 26 -1 03 -2
23 -1 26 -1 18 -1 23 -1 09 -1 23 -1 26 -1 23 -1 23 -2
13 -1 23 -1 26 -2
11 -2
26 -1 19 -1 26 -1 26 -1 13 -2
18 -1 07 -1 13 -1 26 -1 06 -1 09 -1 19 -1 09 -1 13 -1 17 -1 09 -1 13 -1 17 -2
03 -1 07 -1 13 -1 23 -1 26 -1 23 -1 23 -1 23 -1 23 -1 26 -1 23 -1 13 -1 13 -1 11 -1 23 -1 26 -1 26 -1 23 -1 23 -1 17 -1 03 -1 23 -1 23 -1 23 -1 26 -2
13 -1 17 -1 23 -1 26 -1 13 -1 23 -1 26 -1 13 -1 09 -1 13 -1 23 -1 26 -1 03 -1 03 -1 13 -1 26 -1 13 -1 23 -1 26 -2
13 -1 13 -1 26 -1 03 -1 26 -2
06 -1 26 -1 13 -1 26 -1 26 -1 13 -1 26 -1 13 -1 23 -1 26 -1 13 -1 19 -1 26 -1 13 -1 17 -1 13 -1 17 -1 23 -1 26 -1 09 -1 13 -1 11 -1 09 -1 11 -1 13 -1 26 -1 13 -1 08 -1 17 -1 08 -1 13 -1 13 -1 13 -1 26 -1 19 -1 02 -1 08 -1 02 -1 08 -1 06 -1 07 -1 23 -1 26 -1 13 -1 23 -1 26 -1 02 -1 08 -1 26 -1 02 -1 08 -1 13 -1 17 -1 13 -1 26 -1 02 -1 08 -1 02 -1 08 -1 13 -1 23 -1 26 -1 17 -1 02 -1 08 -1 02 -1 08 -1 13 -1 09 -1 09 -1 13 -1 26 -1 07 -1 23 -1 26 -1 23 -1 26 -2
23 -1 26 -1 13 -1 26 -1 26 -1 26 -2
32 -1 32 -1 19 -1 32 -1 23 -1 26 -1 23 -1 26 -1 23 -1 23 -1 26 -1 23 -1 26 -1 26 -1 23 -1 23 -1 13 -1 23 -1 26 -1 26 -2
23 -1 26 -1 23 -1 26 -1 26 -1 06 -1 13 -1 23 -1 26 -2
26 -1 13 -1 19 -1 26 -1 26 -1 26 -1 19 -1 23 -1 26 -1 13 -2
13 -1 13 -1 13 -2
26 -1 09 -1 19 -2
26 -1 26 -1 13 -1 23 -1 26 -1 23 -1 26 -1 23 -1 26 -1 23 -1 26 -1 13 -1 23 -1 26 -1 26 -1 26 -1 23 -1 26 -2
26 -2
26 -1 13 -1 17 -1 13 -1 23 -1 26 -1 03 -1 07 -1 09 -1 13 -1 23 -1 26 -1 13 -1 23 -1 26 -1 17 -1 26 -1 13 -1 13 -1 17 -1 06 -1 26 -1 03 -1 13 -1 17 -1 26 -1 26 -1 26 -1 06 -1 13 -1 19 -1 23 -1 26 -1 13 -1 26 -2
23 -1 13 -1 23 -1 26 -1 08 -1 08 -1 08 -1 08 -1 08 -1 08 -1 08 -1 08 -1 08 -1 08 -1 23 -1 08 -1 08 -1 08 -1 13 -1 23 -1 26 -1 11 -1 26 -1 03 -1 13 -1 23 -1 26 -1 06 -1 26 -1 09 -1 11 -1 13 -1 09 -1 26 -1 26 -1 11 -1 13 -1 08 -1 08 -1 26 -1 08 -1 08 -1 08 -1 08 -1 08 -1 08 -1 13 -1 23 -1 26 -1 08 -1 08 -1 11 -1 08 -1 08 -1 03 -1 07 -1 08 -1 08 -1 08 -1 13 -1 23 -1 26 -1 08 -1 08 -1 26 -1 08 -2
13 -1 09 -1 13 -1 23 -1 26 -1 13 -2
26 -1 19 -1 16 -1 18 -1 26 -1 16 -1 26 -1 13 -1 26 -1 26 -1 16 -1 16 -2
07 -1 13 -1 23 -1 26 -1 23 -1 13 -1 23 -1 26 -1 23 -1 26 -2
19 -1 23 -1 26 -1 13 -1 26 -1 13 -1 26 -1 23 -1 26 -1 23 -1 26 -2
26 -2
23 -1 26 -1 13 -1 26 -1 26 -2
13 -1 23 -1 26 -1 26 -1 26 -1 17 -1 26 -1 17 -1 26 -1 26 -1 03 -1 17 -1 26 -1 26 -1 26 -1 26 -1 17 -1 26 -2
13 -1 23 -1 26 -2
17 -1 26 -1 03 -1 26 -1 13 -1 17 -1 13 -1 17 -1 23 -1 26 -1 17 -1 17 -1 23 -1 26 -1 17 -1 03 -1 06 -1 07 -1 23 -1 26 -1 17 -1 23 -1 26 -1 07 -1 13 -1 17 -1 26 -1 17 -1 26 -2
26 -2
26 -1 26 -1 19 -1 03 -1 07 -1 19 -1 13 -1 17 -1 23 -1 26 -1 11 -1 26 -1 26 -1 26 -1 19 -1 26 -1 19 -1 26 -1 13 -1 03 -1 07 -1 09 -1 13 -1 23 -1 26 -1 17 -1 06 -1 17 -1 26 -1 26 -1 26 -2
07 -1 13 -1 26 -1 26 -1 03 -1 03 -1 13 -2
19 -1 26 -1 26 -1 13 -1 23 -1 26 -1 26 -1 19 -1 26 -1 19 -1 26 -1 26 -1 19 -1 26 -1 06 -1 06 -1 06 -1 06 -1 26 -1 23 -1 26 -1 26 -1 23 -1 26 -1 13 -1 23 -1 26 -1 19 -1 26 -1 23 -1 26 -1 19 -1 26 -2
09 -1 19 -1 13 -1 07 -1 23 -1 26 -1 07 -1 13 -1 26 -1 09 -1 13 -1 23 -1 26 -1 09 -1 09 -1 13 -1 26 -2
23 -1 26 -2
13 -1 17 -1 13 -1 17 -1 13 -1 17 -1 23 -1 13 -1 17 -1 23 -1 13 -1 17 -2
23 -1 26 -1 06 -1 06 -1 23 -1 26 -1 19 -1 19 -1 19 -1 19 -1 19 -1 19 -1 19 -1 19 -1 19 -1 19 -1 23 -1 26 -1 19 -2
23 -1 26 -1 13 -1 23 -1 23 -2
09 -1 11 -1 30 -2
03 -1 13 -1 17 -1 03 -1 13 -1 17 -1 26 -1 03 -1 07 -1 03 -1 07 -1 03 -1 13 -1 17 -1 26 -1 03 -1 13 -1 17 -1 26 -1 13 -1 03 -1 07 -1 09 -1 13 -1 17 -1 11 -1 03 -1 07 -1 13 -1 17 -1 13 -1 17 -1 09 -2
03 -1 06 -1 09 -1 13 -1 06 -1 26 -1 17 -1 07 -1 13 -1 17 -1 26 -1 07 -1 13 -1 17 -1 06 -1 09 -1 11 -1 26 -1 11 -2
06 -1 06 -1 07 -1 13 -1 17 -1 07 -1 13 -1 26 -1 07 -1 13 -1 26 -1 07 -1 13 -1 07 -1 13 -1 07 -1 13 -1 07 -1 13 -1 07 -1 13 -1 07 -1 13 -1 07 -1 13 -1 17 -1 07 -1 13 -1 07 -1 13 -1 07 -1 13 -1 07 -1 13 -1 07 -1 13 -1 07 -1 13 -1 07 -1 13 -1 07 -1 13 -1 07 -1 13 -1 07 -1 13 -1 07 -1 13 -1 07 -1 13 -1 07 -1 13 -1 07 -1 13 -1 07 -1 13 -1 07 -1 13 -1 07 -1 13 -1 07 -1 13 -1 07 -1 13 -1 07 -1 13 -1 07 -1 13 -1 17 -1 07 -1 13 -2
23 -1 26 -1 13 -1 09 -1 13 -1 13 -1 23 -2
23 -1 26 -1 13 -1 23 -1 26 -1 26 -1 03 -1 26 -2
13 -1 26 -1 03 -1 13 -1 23 -1 26 -1 11 -1 26 -1 07 -2
26 -1 17 -1 23 -1 23 -1 09 -1 26 -1 23 -1 23 -1 26 -1 23 -1 17 -1 26 -1 13 -1 17 -1 26 -1 23 -1 26 -1 09 -1 17 -1 23 -1 26 -1 13 -1 17 -1 26 -1 13 -1 23 -1 26 -1 17 -1 26 -1 09 -1 19 -1 11 -1 11 -1 23 -1 26 -1 26 -1 23 -1 26 -1 17 -1 23 -1 26 -1 16 -1 26 -1 19 -1 23 -1 17 -1 26 -1 13 -1 17 -1 23 -1 26 -1 23 -1 26 -1 10 -1 19 -1 26 -1 17 -1 23 -1 26 -1 26 -1 23 -1 26 -1 26 -2
23 -1 23 -1 26 -1 26 -1 19 -1 26 -2
13 -1 13 -1 23 -1 26 -1 26 -1 13 -1 23 -1 26 -2
13 -1 26 -1 13 -1 26 -1 13 -1 08 -1 08 -1 08 -1 08 -1 08 -1 08 -1 08 -1 08 -1 26 -1 08 -1 08 -1 08 -1 08 -1 08 -1 08 -1 08 -1 08 -1 08 -1 08 -1 08 -1 08 -1 08 -1 08 -1 08 -1 08 -1 08 -1 08 -1 08 -1 23 -1 26 -1 08 -1 11 -1 08 -1 08 -1 08 -1 26 -1 08 -1 08 -1 08 -1 09 -1 11 -1 08 -1 26 -1 03 -1 08 -1 08 -1 08 -1 08 -1 13 -1 08 -1 08 -1 08 -1 08 -1 13 -1 09 -1 11 -1 08 -1 08 -1 08 -1 08 -1 08 -1 08 -1 08 -1 08 -1 08 -1 08 -1 08 -1 19 -1 23 -1 26 -1 08 -1 08 -1 08 -1 08 -1 07 -1 08 -1 23 -1 26 -1 08 -1 08 -1 08 -1 08 -1 08 -1 08 -1 06 -1 08 -1 08 -1 13 -1 17 -1 08 -1 08 -1 08 -1 08 -1 08 -1 08 -1 08 -1 08 -1 08 -1 08 -1 08 -1 08 -1 08 -1 08 -1 08 -1 08 -1 08 -1 08 -1 08 -1 08 -1 08 -1 08 -1 08 -1 08 -1 13 -1 08 -1 08 -1 08 -1 08 -1 08 -1 08 -1 08 -1 08 -1 08 -1 08 -1 08 -1 08 -1 08 -1 08 -1 08 -1 08 -1 08 -1 08 -1 08 -1 08 -1 08 -1 08 -1 08 -1 08 -1 08 -1 08 -1 08 -1 08 -1 08 -1 08 -1 08 -1 08 -1 08 -1 08 -1 08 -1 08 -1 08 -1 08 -1 08 -1 08 -1 08 -1 08 -1 13 -2
19 -1 23 -1 26 -1 19 -1 08 -1 19 -1 23 -1 08 -1 08 -1 23 -1 26 -1 08 -1 13 -1 17 -1 23 -1 26 -1 19 -1 23 -1 26 -1 08 -1 08 -1 08 -1 23 -1 26 -1 08 -1 08 -1 26 -1 23 -1 26 -1 19 -1 26 -1 19 -1 11 -1 13 -1 17 -1 23 -1 26 -1 26 -1 07 -1 13 -1 23 -1 26 -1 07 -1 13 -1 07 -1 13 -1 07 -1 13 -1 07 -1 13 -1 19 -1 17 -1 13 -1 17 -1 19 -1 19 -1 23 -1 13 -1 17 -1 23 -1 26 -1 23 -1 26 -1 11 -1 23 -1 26 -1 19 -1 19 -1 11 -1 23 -1 23 -1 26 -1 13 -1 17 -1 07 -1 11 -1 19 -1 23 -1 26 -1 06 -1 19 -1 19 -1 23 -1 26 -1 08 -1 19 -1 08 -1 08 -1 23 -1 26 -1 08 -1 23 -1 26 -2
07 -1 07 -1 13 -1 07 -2
23 -1 26 -1 26 -1 26 -1 03 -1 23 -1 26 -1 26 -1 03 -1 07 -1 23 -1 26 -1 26 -1 07 -1 13 -1 26 -1 07 -1 13 -1 07 -1 13 -1 07 -1 13 -1 07 -1 13 -1 07 -1 13 -1 23 -1 26 -1 26 -1 23 -1 26 -1 23 -1 26 -2
08 -1 26 -1 17 -1 26 -1 03 -1 09 -1 13 -1 19 -1 23 -1 26 -1 08 -1 08 -1 08 -1 08 -1 08 -1 08 -1 08 -1 08 -1 08 -1 17 -1 23 -1 26 -1 26 -1 13 -1 23 -1 26 -1 11 -1 11 -1 26 -2
09 -1 17 -2
23 -1 11 -1 14 -1 26 -2
13 -1 26 -2
26 -1 13 -1 26 -1 26 -1 26 -1 13 -1 26 -1 26 -1 26 -2
26 -1 13 -1 03 -2
07 -1 23 -1 26 -1 13 -1 20 -1 20 -1 20 -2
17 -1 23 -1 13 -1 17 -2
11 -1 17 -1 02 -1 11 -1 13 -1 26 -1 13 -1 23 -1 26 -1 13 -1 26 -2
17 -1 07 -1 23 -1 26 -2
23 -1 26 -1 19 -1 23 -1 23 -1 26 -2
09 -1 06 -1 06 -1 09 -1 13 -1 23 -1 26 -2
23 -1 13 -1 23 -1 26 -1 26 -1 13 -1 23 -1 26 -1 13 -1 03 -1 07 -1 07 -1 17 -1 23 -1 13 -1 23 -1 26 -1 13 -1 19 -1 23 -1 13 -1 17 -1 23 -1 26 -1 26 -1 13 -1 13 -1 26 -1 26 -1 23 -1 13 -1 17 -1 13 -1 26 -1 13 -1 23 -1 26 -2
11 -1 23 -1 26 -2
13 -1 26 -1 23 -1 26 -2
13 -1 19 -1 23 -1 13 -1 13 -1 26 -1 06 -1 06 -1 07 -1 23 -1 26 -1 26 -1 06 -1 06 -1 06 -1 06 -1 07 -1 07 -1 23 -1 13 -1 13 -1 17 -1 07 -1 23 -1 08 -1 13 -1 08 -1 13 -1 08 -1 13 -1 08 -1 13 -1 08 -1 13 -1 08 -1 13 -1 07 -1 13 -1 23 -1 26 -1 08 -1 13 -1 08 -1 13 -1 08 -1 13 -1 08 -1 13 -1 08 -1 13 -1 08 -1 13 -1 06 -2
26 -1 23 -1 07 -1 23 -1 26 -2
09 -1 11 -1 30 -1 19 -1 23 -1 26 -1 08 -1 08 -1 08 -1 08 -1 08 -1 08 -1 08 -1 08 -1 08 -1 08 -1 08 -1 08 -1 08 -1 08 -1 08 -1 23 -1 26 -1 26 -1 23 -1 26 -2
11 -1 23 -1 26 -1 06 -1 26 -1 23 -1 26 -2
26 -1 17 -1 23 -1 26 -1 26 -1 17 -1 23 -1 26 -1 07 -1 23 -2
23 -1 26 -1 23 -1 26 -1 13 -1 23 -1 23 -1 26 -2
09 -1 13 -1 26 -1 26 -1 09 -1 11 -1 26 -1 26 -1 09 -1 26 -1 23 -1 26 -1 13 -1 26 -1 26 -1 26 -2
23 -1 26 -1 23 -1 26 -1 09 -1 23 -1 26 -2
11 -1 23 -1 26 -1 26 -1 23 -1 26 -1 26 -2
23 -1 23 -1 23 -2
23 -1 26 -1 23 -1 26 -1 23 -1 26 -1 23 -1 26 -1 03 -1 26 -1 23 -1 26 -1 23 -1 26 -2
11 -2
13 -1 07 -1 23 -1 26 -2
09 -1 23 -1 26 -1 13 -1 26 -1 26 -1 23 -1 26 -1 18 -2
26 -1 17 -1 23 -1 26 -1 23 -1 26 -1 26 -1 17 -1 23 -1 26 -2
09 -1 11 -1 13 -2
11 -1 13 -1 23 -1 26 -2
26 -1 19 -1 19 -1 19 -1 19 -1 19 -1 19 -1 19 -1 13 -1 26 -1 02 -1 03 -1 07 -1 09 -1 26 -1 19 -1 03 -1 03 -1 03 -1 03 -1 03 -1 03 -1 03 -1 26 -1 03 -1 03 -1 26 -1 03 -1 03 -2
23 -1 23 -1 23 -1 26 -1 23 -1 23 -1 23 -1 23 -1 23 -1 23 -1 23 -2
06 -1 06 -1 07 -1 23 -1 26 -1 06 -1 26 -1 30 -1 23 -2
13 -1 26 -2
23 -2
23 -1 23 -1 23 -1 26 -1 17 -1 23 -2
13 -1 26 -1 13 -1 26 -1 06 -1 30 -1 13 -1 23 -1 26 -1 09 -1 13 -1 09 -1 09 -1 13 -1 03 -1 07 -1 13 -1 18 -1 09 -1 13 -1 26 -1 06 -1 09 -1 23 -1 26 -1 13 -1 09 -1 13 -1 26 -1 13 -1 03 -1 07 -1 23 -2
03 -1 07 -1 13 -1 23 -1 03 -1 13 -1 17 -1 26 -1 03 -1 23 -1 26 -1 03 -1 07 -1 26 -1 09 -1 23 -1 26 -2
19 -1 23 -2
03 -1 07 -1 23 -1 26 -1 09 -1 03 -2
23 -1 26 -1 19 -1 23 -1 26 -1 26 -1 23 -1 19 -1 26 -1 23 -1 26 -1 03 -1 19 -1 23 -1 26 -1 03 -1 07 -1 13 -1 19 -1 23 -1 26 -1 19 -1 09 -1 23 -1 26 -1 23 -1 26 -1 23 -1 26 -1 03 -1 23 -1 26 -1 03 -1 23 -1 26 -1 03 -1 07 -1 23 -1 26 -1 26 -1 26 -2
13 -1 26 -1 02 -1 09 -2
26 -1 26 -1 26 -2
13 -1 26 -2
03 -1 13 -1 19 -1 23 -1 26 -1 19 -1 26 -1 19 -1 26 -1 19 -1 23 -1 26 -1 13 -1 08 -1 08 -1 08 -1 08 -1 19 -1 26 -1 08 -1 08 -1 08 -1 08 -1 08 -1 08 -1 19 -1 26 -1 18 -1 18 -1 19 -1 26 -1 19 -1 26 -1 13 -1 19 -1 26 -1 08 -1 08 -1 08 -1 08 -1 08 -1 08 -1 08 -1 19 -1 26 -1 08 -1 08 -1 08 -1 27 -1 19 -1 26 -2
26 -2
26 -1 26 -1 13 -1 17 -1 23 -1 26 -1 26 -1 13 -1 26 -1 13 -1 26 -1 03 -1 07 -1 13 -1 13 -1 23 -1 26 -1 13 -1 26 -2
13 -1 26 -1 26 -1 13 -1 26 -1 26 -1 13 -1 26 -1 26 -1 17 -1 26 -1 13 -1 23 -1 26 -1 13 -1 26 -1 13 -1 26 -1 13 -1 26 -1 26 -1 03 -1 07 -1 13 -2
26 -1 23 -1 26 -2
26 -1 26 -1 26 -1 26 -1 26 -1 26 -1 26 -1 26 -1 26 -1 21 -1 26 -1 26 -2
26 -1 26 -1 03 -1 13 -1 26 -1 26 -1 26 -1 03 -1 13 -1 26 -1 26 -1 26 -1 13 -1 23 -1 26 -1 13 -1 26 -1 09 -1 26 -1 13 -1 23 -1 26 -2
13 -1 19 -1 23 -1 26 -2
17 -1 03 -1 09 -1 23 -2
26 -1 23 -1 26 -1 26 -1 07 -1 23 -1 26 -2
23 -1 26 -2
23 -1 26 -1 26 -1 06 -1 26 -1 23 -1 26 -2
03 -2
26 -1 23 -1 26 -1 03 -1 26 -1 26 -1 23 -1 26 -2
26 -2
13 -1 26 -1 23 -1 26 -1 13 -1 13 -2
13 -1 17 -1 26 -1 13 -1 17 -1 13 -1 23 -1 26 -1 26 -2
23 -1 26 -1 23 -1 26 -1 23 -1 26 -1 23 -1 26 -1 23 -1 26 -1 23 -1 26 -1 09 -1 23 -1 23 -1 26 -1 23 -1 26 -1 23 -1 26 -1 23 -1 26 -1 23 -1 26 -1 26 -2
23 -1 26 -1 23 -1 26 -1 26 -1 23 -1 26 -1 03 -1 26 -1 26 -1 23 -1 03 -1 19 -1 19 -1 06 -1 06 -1 06 -1 26 -2
18 -1 17 -1 17 -1 23 -1 26 -2
23 -1 26 -1 26 -1 17 -1 03 -1 23 -1 26 -1 09 -1 17 -1 23 -1 13 -1 23 -1 26 -1 09 -1 06 -1 06 -1 13 -1 26 -1 10 -1 13 -1 13 -1 23 -1 26 -1 23 -1 26 -1 13 -1 26 -2
13 -1 26 -1 04 -1 04 -1 26 -1 26 -1 13 -1 26 -1 19 -1 13 -1 23 -1 26 -1 26 -1 26 -1 26 -1 26 -1 13 -1 23 -1 26 -1 26 -1 26 -1 26 -2
07 -1 23 -1 26 -1 26 -2
26 -1 06 -1 07 -1 11 -1 13 -1 17 -1 26 -1 06 -1 11 -1 26 -1 11 -1 13 -1 06 -1 19 -1 26 -1 26 -1 11 -1 13 -1 26 -1 11 -1 04 -1 11 -1 26 -1 11 -1 11 -1 17 -1 13 -1 26 -1 07 -1 13 -1 06 -1 06 -1 07 -1 11 -1 07 -1 11 -1 17 -1 26 -1 13 -1 23 -1 06 -1 23 -1 26 -1 13 -1 06 -1 26 -1 13 -1 06 -1 07 -1 11 -1 17 -1 26 -1 03 -1 07 -1 13 -1 13 -1 26 -1 06 -1 07 -1 11 -1 13 -1 26 -1 13 -1 17 -1 26 -1 17 -1 26 -1 26 -2
11 -1 13 -2
26 -1 22 -1 13 -1 09 -1 22 -1 23 -1 26 -1 22 -1 13 -1 17 -1 13 -1 17 -1 23 -1 26 -2
13 -1 23 -1 13 -1 23 -1 13 -1 19 -1 23 -1 26 -1 13 -1 23 -1 26 -1 13 -1 23 -1 13 -1 23 -1 26 -1 23 -1 23 -1 26 -2
13 -1 13 -1 23 -1 26 -1 13 -2
17 -1 03 -2
17 -1 13 -1 13 -1 13 -1 03 -1 26 -2
23 -1 23 -1 26 -1 23 -1 26 -2
06 -1 06 -1 06 -1 13 -1 23 -1 26 -2
06 -1 07 -1 26 -1 23 -1 26 -2
13 -1 23 -1 26 -1 13 -1 18 -1 13 -1 23 -1 26 -1 26 -1 18 -1 13 -1 17 -1 13 -1 23 -1 26 -1 13 -1 23 -2
26 -1 03 -1 13 -1 23 -1 26 -1 26 -1 26 -1 26 -1 03 -1 13 -1 26 -1 26 -1 09 -1 26 -1 26 -1 03 -1 07 -1 03 -1 13 -1 19 -1 26 -1 09 -1 26 -1 17 -1 26 -1 11 -1 26 -1 13 -1 23 -1 26 -1 03 -1 26 -1 26 -1 13 -1 26 -1 26 -1 26 -2
18 -1 26 -1 13 -1 13 -1 23 -1 26 -1 13 -1 03 -1 07 -1 03 -1 07 -1 09 -1 13 -1 23 -1 26 -1 17 -2
11 -1 26 -1 03 -1 13 -1 11 -1 06 -1 27 -1 06 -1 06 -1 26 -1 17 -1 23 -1 17 -1 26 -1 26 -1 26 -1 11 -2
13 -1 26 -1 13 -1 26 -1 26 -1 11 -1 23 -1 26 -1 13 -1 26 -1 26 -1 09 -1 11 -1 23 -1 26 -1 13 -1 23 -1 26 -1 23 -2
26 -2
23 -1 13 -1 06 -1 30 -1 13 -1 26 -1 06 -1 30 -1 23 -1 08 -1 08 -1 08 -1 17 -1 08 -1 08 -1 08 -1 08 -1 08 -1 08 -1 08 -1 08 -1 08 -1 08 -1 08 -1 08 -1 08 -1 08 -1 08 -1 23 -1 08 -1 08 -1 08 -1 08 -1 08 -1 08 -1 08 -1 08 -1 13 -1 23 -1 26 -1 08 -1 08 -1 08 -1 08 -1 08 -1 08 -1 08 -1 08 -1 19 -1 08 -1 08 -1 08 -1 13 -1 23 -1 26 -1 08 -1 08 -1 08 -1 08 -1 08 -1 08 -1 23 -1 08 -1 11 -1 08 -1 08 -1 08 -1 08 -1 08 -1 08 -1 08 -1 08 -1 26 -1 08 -1 09 -2
03 -1 19 -1 23 -1 26 -1 06 -1 06 -1 06 -1 23 -1 26 -1 03 -1 07 -1 13 -1 19 -1 23 -1 26 -1 26 -1 11 -1 19 -1 23 -1 26 -1 17 -1 19 -1 26 -1 26 -2
26 -1 26 -1 26 -1 26 -1 13 -1 26 -1 13 -1 13 -1 26 -1 13 -1 13 -1 26 -1 26 -1 26 -1 13 -1 26 -1 26 -1 19 -1 26 -2
23 -1 23 -1 23 -1 23 -1 23 -1 23 -1 02 -1 13 -1 23 -1 23 -1 23 -1 23 -1 23 -1 23 -1 23 -1 26 -1 23 -1 09 -1 13 -1 17 -1 03 -1 07 -1 13 -1 02 -1 13 -1 23 -1 06 -1 06 -1 07 -1 13 -1 23 -1 26 -1 07 -1 13 -1 07 -1 13 -1 07 -1 13 -1 07 -1 13 -1 07 -1 13 -1 07 -1 13 -1 07 -1 13 -1 07 -1 13 -1 07 -1 13 -1 07 -1 13 -1 07 -1 13 -1 07 -1 13 -1 07 -1 13 -1 13 -1 17 -1 07 -1 13 -1 07 -1 13 -1 07 -1 13 -1 07 -1 13 -1 07 -1 13 -1 13 -1 17 -2
03 -2
26 -1 26 -1 08 -1 08 -1 08 -1 08 -1 15 -1 17 -1 26 -1 26 -1 06 -1 13 -1 26 -1 15 -1 17 -1 23 -1 26 -1 06 -1 13 -1 26 -1 15 -1 17 -1 26 -1 06 -1 13 -1 23 -1 26 -1 15 -1 17 -1 23 -1 26 -2
23 -1 26 -2
06 -2
03 -1 26 -1 26 -1 26 -1 03 -1 23 -1 26 -1 26 -2
08 -1 08 -1 08 -1 08 -1 08 -1 08 -1 08 -1 08 -1 08 -1 08 -1 08 -1 08 -1 13 -1 19 -1 06 -1 06 -1 26 -1 17 -1 11 -1 09 -1 17 -1 13 -1 26 -2
09 -1 23 -1 26 -1 19 -1 23 -1 26 -1 03 -1 07 -2
13 -1 17 -1 23 -1 26 -1 26 -2
23 -1 26 -1 23 -1 26 -2
26 -1 23 -1 26 -2
13 -1 26 -1 13 -1 09 -1 17 -1 17 -1 07 -1 23 -1 26 -1 06 -1 07 -1 13 -1 03 -1 07 -1 13 -1 07 -1 13 -1 07 -1 13 -1 07 -1 13 -1 07 -1 13 -1 07 -1 08 -1 13 -1 07 -1 13 -1 08 -1 07 -1 08 -1 13 -1 07 -1 13 -1 08 -1 07 -1 13 -1 03 -1 07 -1 17 -1 23 -1 26 -1 07 -1 08 -1 08 -1 08 -1 08 -1 26 -1 13 -1 23 -1 26 -1 13 -1 23 -1 26 -1 13 -2
23 -1 13 -1 23 -1 13 -1 23 -1 26 -1 09 -1 17 -1 13 -1 23 -1 11 -1 09 -1 11 -1 10 -1 23 -1 13 -1 23 -1 23 -1 03 -1 07 -1 03 -1 03 -1 03 -1 13 -1 11 -1 17 -1 13 -1 23 -1 11 -1 17 -1 23 -1 26 -1 13 -1 17 -1 23 -1 17 -1 23 -1 03 -1 07 -1 13 -1 17 -1 06 -1 23 -1 26 -1 23 -1 13 -1 23 -1 26 -1 03 -1 07 -1 26 -2
26 -1 26 -1 26 -1 26 -1 26 -1 26 -1 26 -1 26 -1 26 -1 26 -2
23 -1 26 -1 26 -1 26 -2
18 -1 17 -1 26 -1 03 -1 17 -1 23 -1 26 -1 17 -1 23 -1 26 -1 17 -1 23 -1 26 -1 17 -2
13 -1 13 -1 26 -1 07 -1 13 -1 26 -1 13 -1 03 -1 07 -1 13 -1 26 -1 06 -1 13 -1 06 -1 09 -1 26 -1 13 -1 19 -1 26 -1 13 -2
07 -1 13 -1 07 -1 13 -1 03 -1 06 -1 07 -1 13 -1 23 -1 26 -1 11 -1 07 -1 13 -1 07 -1 13 -1 07 -1 13 -1 26 -1 07 -1 13 -1 07 -1 13 -1 07 -1 13 -1 07 -1 13 -1 26 -1 26 -1 23 -1 26 -1 26 -1 23 -1 26 -1 17 -1 13 -1 17 -1 23 -1 06 -1 07 -1 23 -1 26 -1 26 -1 10 -2
23 -1 26 -1 23 -1 26 -2
26 -1 26 -1 03 -1 26 -1 26 -1 23 -1 26 -1 11 -1 19 -1 26 -1 13 -1 17 -1 23 -1 19 -1 23 -1 26 -1 26 -1 23 -1 26 -1 13 -1 17 -1 26 -1 26 -1 03 -1 26 -1 09 -1 11 -1 19 -1 26 -1 26 -1 23 -1 26 -1 11 -1 19 -1 23 -1 26 -1 26 -1 19 -1 23 -1 26 -1 09 -1 03 -1 07 -1 11 -1 26 -1 23 -1 03 -1 19 -1 26 -1 23 -1 23 -1 26 -1 26 -1 23 -1 26 -2
13 -1 30 -1 26 -1 07 -1 23 -2
13 -1 03 -1 07 -1 13 -1 26 -1 26 -1 26 -1 13 -1 23 -1 11 -2
26 -1 17 -1 09 -1 19 -1 06 -1 19 -1 26 -1 09 -1 26 -1 19 -1 26 -2
26 -1 17 -1 23 -1 26 -1 17 -1 06 -1 07 -1 23 -1 26 -1 07 -1 23 -1 26 -1 17 -1 23 -1 06 -1 07 -1 26 -1 17 -1 07 -1 23 -1 26 -2
26 -1 03 -1 17 -1 26 -1 13 -1 17 -1 17 -1 23 -1 26 -1 03 -1 17 -1 26 -1 26 -1 03 -1 13 -1 17 -1 19 -1 13 -1 17 -1 17 -1 11 -2
26 -1 26 -1 26 -1 07 -1 23 -1 26 -1 26 -1 26 -1 23 -1 26 -2
26 -1 26 -1 26 -1 26 -1 13 -1 23 -1 09 -1 26 -1 09 -1 26 -1 26 -2
26 -2
13 -1 23 -1 03 -1 07 -1 13 -1 17 -1 19 -1 23 -1 26 -2
16 -1 18 -2
13 -1 03 -1 09 -1 11 -2
13 -1 23 -1 26 -1 23 -1 26 -1 13 -1 23 -1 26 -1 13 -1 23 -1 26 -1 13 -1 23 -1 26 -1 23 -1 26 -1 19 -1 23 -1 26 -1 19 -1 23 -1 26 -1 13 -1 23 -1 26 -1 13 -1 26 -1 11 -1 23 -1 26 -1 13 -1 23 -1 26 -2
23 -1 26 -1 23 -1 26 -2
26 -1 23 -2
23 -1 26 -2
23 -1 26 -2
11 -1 19 -1 26 -1 09 -1 26 -1 13 -1 03 -1 09 -1 13 -1 23 -1 26 -1 26 -1 23 -1 26 -1 13 -1 17 -1 13 -1 11 -1 26 -1 03 -1 23 -1 26 -1 19 -1 26 -1 26 -1 03 -1 26 -1 26 -2
11 -1 03 -1 07 -1 23 -1 26 -1 26 -1 26 -1 23 -1 26 -1 26 -1 17 -1 23 -1 26 -1 23 -1 26 -1 26 -1 26 -1 17 -1 21 -1 26 -1 26 -1 26 -2
13 -1 23 -1 26 -1 03 -1 07 -1 03 -1 07 -2
26 -1 11 -1 26 -1 26 -1 11 -1 23 -1 26 -1 26 -1 23 -1 26 -1 26 -1 13 -1 19 -1 26 -1 23 -1 26 -2
26 -1 23 -1 26 -2
13 -1 30 -1 23 -1 26 -2
23 -1 26 -1 26 -1 23 -1 26 -1 23 -1 26 -2
23 -1 23 -1 23 -2
13 -1 23 -1 26 -1 13 -1 16 -1 26 -1 13 -1 16 -1 06 -1 26 -1 13 -1 07 -1 13 -1 26 -1 26 -1 13 -1 16 -1 26 -1 13 -1 16 -1 26 -1 09 -2
23 -1 26 -1 09 -1 17 -1 09 -1 13 -1 26 -1 23 -2
09 -2
26 -1 03 -1 17 -1 13 -1 23 -1 13 -1 23 -1 26 -1 06 -1 13 -1 13 -1 23 -1 26 -1 23 -1 26 -2
23 -1 26 -1 13 -1 23 -1 13 -1 26 -1 13 -1 23 -1 26 -1 13 -1 26 -1 13 -1 23 -1 13 -1 17 -1 26 -1 13 -1 26 -1 26 -1 03 -1 07 -1 13 -1 17 -1 06 -1 13 -1 26 -1 26 -2
19 -1 19 -1 09 -1 13 -1 30 -1 19 -1 19 -1 23 -1 26 -1 23 -1 26 -1 19 -1 23 -1 26 -1 19 -1 19 -1 19 -1 19 -1 19 -1 19 -1 19 -2
17 -1 17 -1 23 -1 26 -2
13 -1 09 -1 09 -1 21 -1 21 -1 20 -1 23 -1 26 -1 20 -1 20 -1 20 -1 20 -1 20 -1 21 -1 20 -1 06 -1 20 -1 20 -1 21 -1 23 -1 26 -1 20 -1 20 -1 23 -1 26 -1 21 -1 20 -1 20 -1 06 -1 21 -1 21 -1 21 -1 21 -1 21 -1 21 -1 21 -1 16 -1 21 -1 21 -1 21 -1 21 -2
26 -1 23 -1 26 -2
13 -1 13 -1 13 -1 26 -1 03 -1 03 -1 13 -1 13 -1 13 -2
26 -1 26 -1 06 -1 06 -1 23 -1 26 -1 26 -1 26 -1 26 -1 26 -1 26 -1 23 -1 26 -1 13 -1 23 -1 26 -1 23 -1 26 -1 23 -1 26 -1 26 -1 26 -2
26 -1 26 -1 09 -1 07 -1 13 -1 17 -1 19 -1 23 -1 26 -1 26 -2
23 -1 26 -1 23 -1 26 -1 03 -1 26 -1 26 -1 09 -1 26 -1 26 -1 03 -1 23 -1 26 -2
26 -2
19 -1 13 -1 13 -1 17 -1 13 -1 23 -1 23 -1 26 -1 13 -1 17 -1 17 -1 03 -1 09 -1 23 -1 26 -1 13 -1 17 -1 13 -2
13 -1 23 -2
13 -1 13 -1 17 -1 13 -1 19 -1 03 -1 26 -1 13 -1 13 -1 13 -1 23 -1 26 -1 26 -1 23 -1 26 -1 18 -2
26 -1 03 -1 26 -1 23 -1 26 -1 26 -1 26 -1 13 -1 17 -2
07 -1 13 -1 23 -1 26 -1 11 -1 13 -1 23 -1 26 -1 02 -1 08 -1 13 -1 02 -1 08 -1 02 -1 08 -1 17 -1 26 -1 06 -1 26 -1 02 -1 08 -1 02 -1 08 -1 02 -1 08 -1 02 -1 08 -1 23 -1 02 -1 08 -1 02 -1 08 -1 13 -1 09 -1 23 -1 26 -1 02 -1 08 -1 02 -1 08 -1 02 -1 08 -1 09 -1 09 -1 09 -1 23 -1 26 -1 13 -1 26 -1 13 -1 08 -1 23 -1 26 -1 08 -1 08 -1 08 -1 08 -1 26 -1 08 -1 08 -1 23 -1 26 -1 03 -1 11 -1 13 -1 23 -1 26 -2
17 -1 21 -1 26 -2
11 -1 13 -1 17 -1 23 -1 26 -1 26 -1 03 -1 13 -1 17 -1 26 -1 17 -1 23 -1 26 -2
23 -1 26 -1 23 -1 26 -1 23 -1 23 -1 26 -1 23 -1 23 -1 09 -1 23 -1 26 -1 23 -1 26 -1 23 -1 26 -1 17 -1 23 -1 26 -1 11 -1 23 -1 26 -2
13 -1 17 -1 17 -1 23 -1 06 -1 30 -2
23 -1 26 -1 23 -1 26 -1 23 -2
17 -1 23 -1 17 -1 23 -1 26 -2
13 -1 23 -1 26 -1 13 -1 17 -1 23 -1 16 -1 26 -1 13 -1 03 -1 07 -1 13 -1 23 -1 26 -1 03 -1 07 -1 09 -2
08 -1 08 -1 17 -1 08 -1 08 -1 08 -1 19 -1 08 -1 08 -1 08 -1 17 -1 08 -1 23 -1 26 -1 11 -1 13 -1 08 -1 17 -1 09 -1 08 -1 08 -1 08 -1 17 -1 08 -1 08 -1 08 -1 08 -1 23 -1 26 -1 08 -1 26 -1 23 -1 26 -1 23 -1 26 -1 17 -1 26 -1 03 -1 07 -1 09 -1 17 -1 23 -1 26 -1 09 -1 23 -1 26 -1 03 -1 07 -1 17 -1 23 -1 26 -1 17 -1 09 -1 13 -1 17 -1 19 -1 26 -1 23 -1 26 -2
26 -1 23 -1 26 -1 26 -1 13 -1 23 -1 26 -1 03 -1 26 -1 26 -1 23 -1 26 -1 13 -1 26 -1 17 -1 26 -1 06 -1 11 -1 11 -1 03 -1 13 -1 16 -1 03 -1 07 -1 23 -1 26 -1 23 -1 26 -1 23 -2
17 -1 03 -1 13 -1 17 -2
08 -1 13 -1 19 -1 09 -1 13 -1 26 -1 08 -1 13 -1 08 -1 08 -1 08 -1 08 -1 06 -1 23 -1 26 -1 26 -2
13 -1 23 -1 13 -1 23 -1 13 -1 23 -1 13 -1 23 -1 23 -1 13 -1 23 -2
26 -1 03 -1 26 -1 26 -1 26 -2
26 -1 13 -1 26 -2
03 -1 14 -1 11 -1 13 -1 18 -1 13 -1 26 -1 11 -1 13 -1 11 -1 03 -1 11 -2
13 -1 26 -2
11 -1 26 -1 26 -1 13 -1 26 -1 26 -1 03 -1 13 -1 09 -1 26 -1 26 -1 11 -2
13 -1 23 -1 26 -1 06 -1 09 -1 26 -1 19 -1 08 -1 13 -1 23 -1 26 -1 08 -1 08 -1 08 -1 08 -1 08 -1 18 -1 08 -1 08 -1 26 -1 08 -1 07 -1 13 -1 23 -1 26 -1 26 -1 23 -1 26 -1 26 -1 26 -1 23 -1 26 -1 13 -1 23 -1 26 -1 26 -1 13 -1 23 -1 23 -1 17 -2
07 -1 23 -1 26 -1 26 -1 15 -1 17 -1 26 -1 13 -1 26 -1 15 -1 17 -1 03 -1 26 -1 15 -1 17 -2
03 -1 23 -1 26 -1 23 -1 13 -1 26 -1 06 -1 06 -1 23 -1 26 -1 03 -1 17 -1 17 -1 23 -1 26 -1 18 -2
26 -1 06 -1 23 -2
23 -1 13 -1 23 -1 26 -1 13 -1 23 -1 26 -1 13 -1 23 -1 26 -1 23 -2
09 -1 11 -1 26 -2
13 -1 17 -1 03 -1 13 -1 26 -1 13 -1 23 -1 26 -1 23 -1 26 -2
04 -1 04 -1 08 -1 04 -1 11 -1 17 -1 17 -1 17 -1 13 -1 23 -1 26 -2
08 -1 08 -1 03 -1 13 -1 26 -1 26 -1 26 -1 26 -1 26 -1 26 -1 23 -1 26 -1 17 -1 26 -1 19 -1 17 -1 03 -1 07 -1 13 -1 17 -1 23 -1 06 -1 07 -1 26 -1 07 -1 13 -1 07 -1 13 -1 07 -1 13 -1 13 -2
20 -2
19 -1 23 -1 26 -1 11 -1 23 -1 26 -1 03 -1 23 -1 26 -1 03 -1 19 -1 13 -1 03 -1 13 -1 17 -1 23 -1 26 -2
23 -1 26 -1 19 -1 26 -1 23 -1 26 -1 23 -1 26 -1 23 -1 26 -1 03 -1 23 -1 26 -1 23 -1 26 -2
17 -1 17 -2
15 -1 17 -1 17 -1 09 -1 23 -1 26 -1 17 -1 03 -1 07 -1 17 -1 26 -1 09 -2
23 -2
03 -1 17 -1 23 -1 26 -1 26 -2
16 -1 08 -1 08 -1 08 -1 13 -1 17 -1 23 -1 26 -1 08 -1 11 -1 08 -1 08 -1 26 -1 08 -1 08 -1 08 -1 09 -1 26 -1 07 -1 08 -1 07 -1 08 -1 07 -1 08 -1 07 -1 08 -1 26 -1 07 -1 08 -1 07 -1 08 -1 07 -1 08 -1 07 -1 08 -1 07 -1 08 -1 07 -1 08 -1 07 -1 08 -1 08 -1 13 -1 17 -1 26 -1 13 -1 17 -1 26 -1 07 -1 08 -1 07 -1 08 -1 07 -1 08 -1 07 -1 08 -1 07 -1 08 -1 07 -1 08 -1 07 -1 08 -1 07 -1 08 -1 07 -1 08 -1 26 -1 07 -1 08 -1 13 -1 17 -1 07 -1 08 -1 07 -1 08 -1 07 -1 08 -1 08 -1 08 -1 08 -1 08 -1 08 -1 08 -1 26 -1 08 -1 08 -1 08 -1 08 -1 08 -1 08 -1 08 -1 08 -1 26 -1 08 -1 08 -1 08 -1 08 -1 13 -1 17 -1 08 -1 26 -1 08 -1 08 -1 08 -1 08 -1 09 -1 08 -1 08 -1 08 -1 08 -1 08 -1 08 -1 08 -1 08 -1 26 -1 08 -1 08 -1 08 -1 13 -1 17 -1 08 -1 26 -1 08 -1 08 -1 08 -1 08 -1 23 -1 26 -1 08 -1 08 -1 08 -1 08 -1 07 -1 08 -1 07 -1 08 -1 07 -1 08 -1 07 -1 08 -1 07 -1 08 -1 07 -1 08 -1 13 -1 17 -1 07 -1 08 -1 07 -1 08 -1 26 -1 07 -1 08 -1 07 -1 08 -1 07 -1 08 -1 07 -1 08 -1 07 -1 08 -1 07 -1 08 -1 07 -1 08 -1 07 -1 08 -1 08 -1 26 -1 23 -1 26 -2
13 -1 23 -1 26 -1 13 -1 26 -1 13 -1 26 -1 26 -1 26 -1 26 -2
06 -1 17 -1 06 -1 09 -1 23 -1 26 -1 06 -1 06 -1 06 -1 06 -1 26 -1 26 -1 06 -1 06 -1 06 -1 06 -1 06 -1 06 -1 06 -1 06 -2
06 -1 06 -1 26 -1 26 -2
26 -1 26 -1 13 -1 26 -1 26 -1 26 -1 13 -1 26 -1 26 -1 13 -1 26 -1 26 -1 26 -1 03 -1 07 -2
13 -1 23 -1 26 -1 11 -1 11 -1 13 -1 23 -2
06 -1 11 -1 13 -1 26 -1 09 -1 06 -1 16 -1 13 -1 23 -1 26 -2
17 -1 09 -1 03 -1 17 -2
08 -1 08 -1 08 -1 08 -1 08 -1 08 -1 08 -1 08 -1 08 -1 08 -1 26 -1 13 -1 23 -1 26 -1 23 -1 23 -1 13 -1 23 -1 26 -1 13 -1 23 -1 26 -1 03 -1 09 -1 07 -1 11 -1 23 -1 13 -2
13 -1 08 -1 19 -1 23 -1 06 -1 06 -1 06 -1 06 -1 06 -1 06 -1 07 -1 13 -1 30 -1 07 -1 13 -1 23 -1 26 -1 07 -1 07 -1 13 -1 07 -1 13 -1 03 -1 07 -1 07 -1 07 -1 07 -1 13 -1 07 -1 13 -1 07 -1 13 -1 07 -1 13 -1 07 -1 13 -1 07 -1 13 -1 19 -1 07 -1 13 -1 07 -1 13 -1 07 -1 13 -1 07 -1 13 -1 19 -1 07 -1 13 -1 07 -1 13 -1 07 -1 13 -1 07 -1 13 -1 07 -1 13 -1 07 -1 13 -1 07 -1 13 -1 07 -1 26 -1 09 -1 17 -1 19 -1 09 -1 17 -1 23 -1 06 -1 32 -1 06 -1 32 -1 06 -1 32 -1 06 -1 32 -1 06 -1 32 -1 06 -1 32 -1 06 -1 32 -1 06 -1 13 -1 06 -1 32 -1 06 -1 32 -1 06 -1 32 -1 06 -1 06 -1 13 -1 23 -1 06 -1 06 -1 06 -1 06 -1 06 -1 06 -1 06 -1 06 -1 06 -1 06 -1 06 -1 23 -1 26 -1 09 -1 11 -1 26 -1 13 -1 17 -1 23 -1 13 -1 26 -1 26 -1 26 -2
26 -1 26 -1 26 -1 26 -2
26 -1 26 -1 26 -1 23 -1 26 -1 03 -1 26 -1 26 -1 26 -2
11 -1 22 -1 22 -1 22 -1 22 -1 23 -1 23 -1 22 -1 23 -1 22 -2
26 -1 19 -1 03 -1 03 -1 03 -2
13 -2
26 -1 07 -1 23 -1 26 -2
07 -1 13 -1 17 -1 26 -2
18 -1 13 -1 13 -1 17 -1 03 -1 09 -1 13 -1 23 -1 26 -1 26 -1 23 -1 23 -1 18 -1 23 -1 13 -1 23 -1 18 -1 23 -1 13 -1 23 -2
23 -1 26 -1 13 -1 23 -1 26 -1 13 -1 26 -1 11 -1 23 -1 26 -1 13 -1 17 -1 23 -1 26 -1 13 -1 26 -1 26 -2
13 -1 23 -1 26 -1 13 -1 26 -2
03 -1 17 -1 26 -2
23 -1 13 -2
09 -1 23 -1 26 -2
23 -1 19 -2
26 -1 26 -1 26 -1 26 -1 26 -1 26 -1 26 -1 26 -1 23 -1 26 -1 26 -1 23 -1 26 -1 26 -1 26 -2
23 -1 26 -1 23 -1 06 -2
13 -1 13 -1 26 -1 26 -1 26 -1 18 -1 26 -2
23 -1 26 -2
13 -2
09 -1 13 -1 17 -1 17 -1 09 -1 11 -1 09 -1 17 -2
03 -1 07 -1 13 -1 13 -1 23 -1 26 -1 13 -1 23 -1 26 -1 23 -1 26 -1 11 -1 13 -1 23 -1 26 -1 23 -2
13 -1 26 -1 13 -1 26 -1 23 -1 26 -1 18 -1 18 -1 26 -2
23 -1 26 -1 23 -1 26 -2
09 -1 09 -1 19 -1 26 -1 06 -1 06 -1 07 -1 13 -1 07 -1 13 -1 07 -1 13 -1 03 -1 07 -1 13 -1 07 -1 13 -1 03 -1 07 -1 13 -1 09 -1 13 -1 17 -1 09 -1 13 -1 17 -1 09 -1 13 -1 17 -1 08 -1 08 -1 08 -1 09 -1 17 -1 26 -1 03 -1 07 -1 08 -1 08 -1 02 -1 08 -1 08 -1 08 -1 08 -1 08 -1 26 -1 08 -1 08 -1 08 -1 08 -1 08 -2
08 -1 08 -1 08 -1 08 -1 07 -1 08 -1 26 -1 08 -1 08 -1 08 -1 08 -1 08 -1 08 -1 08 -1 08 -1 08 -1 08 -1 08 -1 08 -1 08 -1 08 -1 08 -1 08 -1 08 -1 08 -1 08 -1 08 -1 08 -1 08 -1 08 -1 08 -1 08 -1 08 -1 08 -1 08 -1 08 -1 08 -1 08 -1 08 -1 08 -1 08 -1 08 -1 26 -1 08 -1 26 -1 03 -1 07 -1 08 -1 08 -1 08 -1 08 -1 08 -1 08 -1 13 -1 08 -1 08 -1 08 -1 08 -1 08 -1 08 -1 08 -1 08 -1 08 -1 08 -1 08 -1 08 -1 08 -1 08 -1 08 -1 08 -1 08 -1 08 -1 08 -1 08 -1 08 -1 08 -1 08 -1 08 -1 08 -1 08 -1 08 -1 08 -1 08 -1 08 -1 08 -1 08 -1 08 -1 08 -1 08 -1 08 -1 08 -1 08 -1 08 -1 08 -1 08 -1 08 -1 08 -1 08 -1 08 -1 08 -1 08 -1 08 -1 08 -1 08 -1 08 -1 08 -1 08 -1 08 -1 08 -1 08 -1 08 -1 08 -1 08 -1 08 -1 08 -1 08 -1 08 -1 08 -1 08 -1 08 -1 08 -1 08 -1 08 -1 08 -1 08 -1 08 -1 08 -1 08 -1 08 -1 08 -1 08 -1 08 -1 08 -1 08 -1 08 -1 08 -1 08 -1 08 -1 08 -1 08 -1 08 -1 08 -1 08 -1 08 -1 08 -1 08 -1 08 -1 08 -1 08 -1 08 -1 08 -1 08 -1 08 -1 08 -1 08 -1 08 -1 08 -1 08 -1 08 -1 08 -1 08 -1 08 -1 08 -1 08 -1 08 -1 08 -1 08 -1 08 -1 08 -1 08 -1 08 -1 08 -1 08 -1 08 -1 08 -1 08 -1 08 -1 08 -1 08 -1 08 -1 08 -1 08 -1 08 -1 08 -1 08 -1 08 -1 08 -1 08 -1 08 -1 08 -1 08 -1 08 -1 08 -1 08 -1 08 -1 08 -1 08 -1 08 -1 08 -1 08 -1 08 -1 08 -1 08 -1 08 -1 08 -1 08 -1 08 -1 08 -1 08 -1 08 -1 08 -1 08 -2
13 -1 26 -1 03 -1 13 -1 13 -1 23 -1 26 -1 03 -1 13 -1 06 -1 06 -1 26 -1 07 -1 13 -1 03 -1 07 -1 23 -1 06 -1 06 -1 07 -1 23 -1 26 -1 13 -1 03 -1 07 -1 13 -1 17 -1 03 -1 07 -1 06 -1 13 -1 16 -2
13 -1 26 -1 03 -1 13 -1 26 -1 26 -2
26 -1 23 -1 06 -1 06 -1 19 -1 26 -1 07 -1 13 -1 07 -1 13 -1 23 -1 26 -1 06 -1 07 -1 09 -1 13 -1 17 -1 07 -1 13 -1 07 -1 13 -1 03 -1 07 -1 13 -1 07 -1 13 -1 07 -1 13 -1 07 -1 13 -1 07 -1 13 -1 07 -1 13 -1 07 -1 13 -1 03 -1 07 -1 13 -1 07 -1 13 -1 07 -1 13 -1 07 -1 13 -1 07 -1 13 -1 07 -1 13 -1 07 -1 13 -1 03 -1 07 -1 13 -1 26 -1 07 -1 13 -1 07 -1 13 -1 07 -1 13 -1 07 -1 13 -1 07 -1 13 -1 07 -1 13 -1 03 -1 06 -1 07 -1 13 -1 17 -1 07 -1 13 -1 07 -1 13 -1 07 -1 13 -1 07 -1 13 -1 07 -1 13 -1 07 -1 13 -1 03 -1 07 -1 13 -1 07 -1 13 -1 07 -1 13 -1 07 -1 13 -1 07 -1 13 -1 07 -1 13 -1 07 -1 13 -1 03 -1 06 -1 07 -1 13 -1 26 -1 07 -1 13 -1 07 -1 13 -1 07 -1 13 -1 07 -1 13 -1 07 -1 13 -1 07 -1 13 -1 03 -1 07 -1 13 -1 07 -1 13 -1 07 -1 13 -1 07 -1 13 -1 07 -1 13 -1 07 -1 13 -1 07 -1 13 -1 03 -1 07 -1 13 -1 26 -1 07 -1 13 -1 07 -1 13 -1 07 -1 13 -1 07 -1 13 -1 07 -1 13 -1 07 -1 13 -1 03 -1 07 -1 13 -1 07 -1 13 -1 07 -1 13 -1 07 -1 13 -1 07 -1 13 -1 07 -1 13 -1 07 -1 13 -1 03 -1 07 -1 13 -1 07 -1 13 -1 07 -1 13 -1 07 -1 13 -1 07 -1 13 -1 07 -1 13 -1 07 -1 13 -1 03 -1 07 -1 13 -1 07 -1 13 -1 07 -1 13 -1 07 -1 13 -1 07 -1 13 -1 07 -1 13 -1 26 -1 07 -1 13 -1 03 -1 07 -1 13 -1 07 -1 13 -1 07 -1 13 -1 07 -1 13 -1 26 -2
23 -1 26 -1 23 -1 26 -2
23 -1 26 -2
07 -1 23 -1 26 -1 17 -1 06 -1 23 -1 26 -1 06 -1 13 -1 23 -1 26 -1 13 -1 17 -1 23 -1 26 -1 13 -1 23 -1 26 -1 26 -1 09 -1 23 -1 17 -1 23 -1 26 -1 17 -1 26 -2
06 -1 06 -1 23 -1 23 -1 26 -1 26 -2
03 -1 07 -1 13 -1 19 -1 23 -1 26 -1 23 -1 26 -1 03 -1 07 -1 23 -1 26 -1 23 -1 26 -1 03 -1 07 -1 13 -1 19 -1 23 -1 26 -1 23 -1 26 -1 23 -1 26 -1 26 -1 23 -1 26 -1 26 -2
09 -1 11 -1 11 -1 17 -1 19 -1 26 -1 19 -1 23 -1 26 -2
26 -1 13 -1 13 -1 26 -1 13 -1 17 -1 23 -1 26 -2
23 -1 26 -1 23 -1 26 -1 06 -2
11 -1 13 -1 23 -1 26 -1 13 -1 19 -1 23 -1 26 -1 09 -1 13 -1 17 -1 09 -1 19 -1 23 -1 26 -1 13 -1 17 -1 13 -1 23 -1 26 -1 07 -1 23 -1 26 -1 13 -1 07 -1 19 -1 23 -1 26 -1 23 -1 26 -1 09 -1 13 -1 26 -1 13 -1 23 -1 26 -1 26 -1 13 -1 23 -1 26 -1 08 -1 03 -1 08 -1 08 -1 09 -1 08 -1 08 -1 08 -1 08 -1 23 -1 26 -1 08 -1 08 -1 08 -1 08 -1 08 -1 23 -1 26 -1 08 -1 08 -1 08 -1 08 -1 08 -1 08 -1 09 -1 08 -1 08 -1 13 -1 19 -1 23 -1 26 -1 03 -2
03 -1 07 -1 13 -1 23 -1 26 -1 03 -1 07 -1 13 -1 03 -1 07 -1 23 -1 13 -2
06 -1 06 -1 23 -1 23 -1 23 -1 23 -1 23 -1 23 -1 23 -2
26 -1 03 -1 07 -1 23 -1 26 -1 26 -2
13 -1 17 -1 13 -1 17 -1 06 -1 13 -1 17 -1 17 -2
26 -1 26 -2
09 -1 17 -1 11 -1 03 -1 23 -1 13 -1 26 -1 13 -1 17 -1 23 -1 26 -1 06 -1 26 -1 26 -1 13 -1 23 -1 26 -1 13 -1 07 -1 11 -1 23 -1 26 -1 07 -1 07 -1 13 -1 17 -1 26 -2
23 -1 26 -1 26 -1 13 -1 23 -1 26 -1 23 -1 26 -1 23 -1 26 -1 26 -1 26 -1 26 -1 19 -1 26 -2
17 -1 17 -1 17 -2
17 -1 23 -1 26 -1 17 -1 23 -1 26 -1 17 -1 23 -1 26 -1 13 -1 26 -1 17 -1 23 -1 26 -1 13 -2
08 -1 09 -1 11 -1 26 -1 08 -1 23 -1 26 -1 17 -1 09 -1 11 -1 09 -1 11 -1 23 -1 09 -1 11 -1 26 -1 26 -1 26 -1 07 -1 13 -1 09 -1 26 -1 19 -2
26 -1 26 -1 26 -1 26 -1 26 -1 23 -1 26 -1 06 -1 26 -1 26 -1 26 -1 03 -2
13 -1 26 -1 13 -1 13 -1 17 -1 26 -1 26 -1 13 -1 23 -1 26 -1 13 -1 17 -2
13 -1 26 -1 13 -1 23 -1 26 -1 11 -1 13 -1 17 -1 03 -1 07 -2
18 -1 18 -1 11 -2
23 -2
13 -1 23 -1 26 -1 26 -1 09 -1 23 -1 13 -1 26 -1 26 -1 23 -1 26 -1 13 -1 16 -1 26 -1 26 -1 26 -1 13 -1 23 -1 26 -1 23 -1 26 -1 06 -1 23 -1 26 -1 26 -1 23 -1 26 -1 26 -1 23 -1 26 -2
11 -1 17 -1 13 -1 23 -1 26 -1 03 -1 13 -1 23 -1 13 -1 17 -1 13 -1 17 -1 13 -1 26 -2
23 -1 26 -1 23 -1 26 -1 23 -1 26 -1 23 -1 26 -2
17 -1 13 -1 23 -1 26 -1 23 -1 26 -1 06 -1 23 -1 26 -1 06 -1 06 -1 11 -1 03 -1 11 -1 23 -1 11 -1 09 -1 17 -1 11 -1 23 -1 03 -1 18 -1 18 -1 11 -1 23 -1 13 -1 26 -1 23 -1 13 -1 23 -1 11 -1 23 -1 23 -1 18 -1 23 -1 26 -1 11 -1 13 -2
07 -1 23 -1 13 -1 23 -1 26 -2
23 -1 18 -1 17 -1 26 -1 09 -1 23 -1 11 -1 23 -2
03 -2
13 -1 23 -1 26 -1 13 -1 23 -1 26 -1 13 -1 30 -1 31 -1 31 -1 31 -1 31 -1 31 -1 23 -1 26 -1 31 -1 31 -1 31 -1 31 -1 31 -1 31 -1 23 -1 26 -1 31 -1 31 -1 31 -1 23 -1 26 -1 31 -1 06 -1 06 -1 31 -1 31 -1 13 -1 31 -1 31 -1 31 -1 06 -1 06 -1 31 -1 23 -1 31 -1 31 -1 26 -1 31 -1 31 -1 23 -1 06 -1 06 -1 31 -1 31 -1 31 -1 23 -1 26 -1 31 -1 31 -1 31 -1 31 -1 31 -1 31 -1 31 -1 06 -1 06 -1 31 -1 31 -1 31 -1 11 -1 17 -1 06 -1 06 -1 06 -1 13 -1 26 -1 26 -1 06 -1 13 -1 19 -1 23 -1 26 -1 06 -1 06 -1 16 -1 31 -1 31 -1 31 -1 31 -1 31 -1 31 -1 31 -1 31 -2
26 -1 26 -1 26 -1 09 -1 11 -1 26 -1 26 -1 09 -2
26 -2
23 -1 26 -1 03 -1 13 -1 23 -1 03 -1 26 -1 03 -1 06 -1 06 -1 06 -1 06 -1 06 -1 07 -1 24 -1 26 -1 07 -1 13 -1 13 -1 13 -1 17 -1 26 -1 19 -1 13 -1 23 -1 26 -1 13 -1 26 -1 03 -1 07 -1 26 -1 03 -1 07 -1 13 -1 17 -1 11 -2
23 -1 19 -1 23 -1 11 -1 23 -1 26 -1 26 -1 03 -1 26 -1 13 -1 13 -2
11 -1 13 -1 30 -1 26 -1 13 -1 23 -1 26 -2
26 -1 26 -1 26 -1 13 -1 13 -1 16 -1 26 -1 26 -1 03 -1 07 -1 13 -1 03 -1 26 -1 26 -1 26 -1 06 -1 11 -1 26 -1 13 -1 26 -1 13 -1 23 -1 26 -1 09 -2
23 -1 26 -2
13 -1 23 -1 13 -1 17 -1 26 -1 03 -1 07 -1 11 -1 13 -1 26 -1 08 -1 13 -1 17 -2
23 -1 26 -1 11 -1 13 -1 26 -1 23 -1 26 -1 23 -1 26 -1 18 -1 23 -1 26 -1 13 -1 13 -1 23 -1 23 -1 23 -1 26 -1 13 -1 23 -1 26 -1 03 -1 17 -1 09 -1 26 -1 17 -1 23 -1 26 -1 26 -1 13 -1 23 -1 11 -1 17 -1 23 -1 26 -1 26 -1 13 -1 23 -1 26 -1 03 -1 13 -1 23 -1 26 -1 11 -1 23 -1 26 -1 17 -1 26 -1 03 -1 14 -1 03 -1 13 -1 13 -1 23 -1 13 -1 26 -1 03 -1 09 -1 23 -1 26 -1 03 -1 23 -1 26 -1 13 -1 03 -1 26 -2
26 -1 13 -1 26 -1 13 -1 13 -1 26 -1 13 -1 17 -1 13 -1 23 -1 13 -2
26 -1 23 -1 23 -1 23 -1 26 -1 23 -1 26 -1 17 -1 26 -2
23 -1 26 -2
17 -1 13 -1 23 -1 26 -1 13 -1 26 -2
13 -1 23 -1 26 -2
13 -1 17 -1 13 -1 17 -1 06 -1 06 -1 07 -1 13 -1 23 -1 26 -1 11 -1 11 -1 23 -1 26 -1 11 -2
13 -1 23 -1 26 -2
13 -1 17 -1 26 -1 13 -1 26 -1 08 -1 13 -1 26 -1 26 -1 26 -1 13 -1 26 -1 08 -1 18 -1 08 -1 18 -1 08 -1 08 -1 26 -1 13 -1 17 -1 26 -1 11 -1 26 -1 13 -1 08 -1 08 -1 08 -1 08 -1 08 -1 08 -1 07 -1 08 -1 26 -1 08 -1 08 -1 08 -1 08 -1 08 -1 08 -1 26 -1 18 -1 07 -1 08 -1 13 -1 23 -1 26 -1 08 -1 09 -1 08 -1 08 -1 08 -1 13 -1 08 -1 23 -1 26 -1 08 -1 08 -1 08 -1 08 -1 08 -1 11 -1 23 -1 26 -1 08 -1 08 -2
23 -1 23 -1 26 -1 23 -1 13 -1 26 -1 08 -1 08 -1 08 -1 09 -1 08 -1 08 -1 08 -1 08 -1 08 -1 08 -1 08 -1 23 -1 08 -1 13 -1 26 -1 08 -1 08 -1 08 -2
13 -1 26 -1 13 -1 26 -1 13 -1 23 -1 26 -1 13 -1 23 -1 26 -1 13 -2
19 -1 26 -1 03 -1 26 -1 23 -1 26 -1 26 -1 03 -1 26 -1 23 -1 26 -2
09 -1 23 -1 19 -1 23 -1 26 -1 19 -1 09 -1 06 -1 06 -1 07 -1 07 -1 07 -1 07 -1 07 -1 07 -1 11 -1 26 -1 07 -1 07 -1 07 -1 07 -1 07 -1 07 -1 07 -1 07 -2
26 -1 23 -1 26 -1 23 -1 03 -1 23 -1 26 -1 09 -1 26 -1 26 -1 23 -1 26 -1 26 -1 17 -1 26 -1 26 -1 26 -1 09 -1 11 -1 11 -1 26 -1 11 -1 26 -1 26 -2
23 -1 26 -1 23 -1 26 -1 11 -2
11 -1 23 -1 26 -1 23 -1 26 -1 17 -1 03 -1 07 -2
17 -1 23 -1 26 -1 26 -2
13 -1 03 -1 13 -1 23 -1 26 -2
26 -1 13 -1 23 -1 13 -1 23 -1 26 -2
17 -1 03 -1 07 -1 17 -1 23 -1 26 -1 03 -1 07 -1 10 -1 13 -1 26 -1 23 -1 17 -1 19 -1 26 -1 03 -1 07 -1 26 -2
06 -1 06 -1 06 -1 07 -1 26 -1 17 -1 26 -1 23 -1 26 -2
18 -2
13 -2
26 -1 26 -1 26 -2
08 -1 08 -1 08 -1 08 -1 08 -1 08 -1 08 -1 08 -1 08 -1 08 -1 08 -1 08 -1 08 -1 08 -1 08 -1 08 -1 08 -1 08 -1 08 -1 08 -1 08 -1 08 -1 08 -1 08 -1 08 -1 08 -1 08 -1 08 -1 17 -1 08 -1 08 -1 08 -1 08 -2
26 -1 03 -1 26 -1 08 -1 08 -1 08 -1 08 -1 08 -1 08 -1 08 -1 08 -1 26 -1 08 -1 08 -1 08 -1 08 -1 08 -1 08 -1 08 -1 08 -1 08 -1 08 -1 08 -1 08 -1 26 -2
03 -2
23 -1 17 -1 26 -1 26 -1 13 -1 23 -1 08 -1 08 -1 08 -1 26 -1 08 -1 08 -1 23 -1 08 -1 26 -1 08 -1 26 -1 08 -1 06 -1 26 -1 26 -1 13 -1 23 -1 26 -2
13 -1 26 -1 26 -1 23 -1 26 -1 08 -1 08 -1 13 -2
23 -1 23 -1 23 -1 11 -1 23 -1 23 -1 23 -2
06 -1 13 -1 07 -1 23 -1 26 -2
18 -1 07 -1 13 -1 23 -1 07 -1 13 -1 07 -1 13 -2
03 -1 07 -1 23 -1 26 -1 23 -1 26 -2
26 -1 23 -1 26 -1 03 -1 26 -1 03 -1 26 -1 03 -1 23 -1 26 -1 23 -1 19 -1 19 -1 08 -1 08 -1 08 -1 08 -1 23 -1 26 -1 08 -1 08 -1 08 -1 08 -1 08 -1 08 -1 08 -1 23 -1 26 -1 26 -1 13 -1 26 -1 23 -1 26 -1 26 -1 23 -1 26 -1 23 -1 26 -1 26 -1 26 -2
13 -2
17 -1 23 -1 26 -1 09 -1 26 -1 17 -1 03 -1 17 -1 23 -1 19 -1 23 -1 26 -1 18 -1 23 -1 26 -1 11 -1 12 -1 23 -1 08 -1 23 -1 26 -1 13 -1 17 -1 23 -1 08 -1 06 -1 08 -1 23 -1 26 -1 11 -1 12 -1 23 -1 26 -1 08 -1 08 -1 17 -1 08 -1 23 -1 08 -1 26 -1 08 -1 09 -1 23 -1 26 -1 23 -1 26 -2
26 -1 26 -1 13 -1 26 -1 26 -1 06 -1 26 -1 26 -1 26 -1 26 -1 26 -1 03 -1 07 -1 26 -1 26 -2
23 -1 26 -1 23 -1 26 -1 26 -1 23 -1 26 -2
13 -1 19 -1 23 -1 09 -2
07 -1 23 -1 26 -2
13 -1 23 -1 13 -1 07 -2
08 -1 08 -1 08 -1 13 -1 23 -1 08 -1 08 -1 08 -1 08 -1 08 -1 08 -1 13 -1 26 -1 08 -1 08 -1 08 -1 08 -1 08 -1 08 -1 13 -1 17 -1 11 -1 13 -1 17 -1 13 -1 07 -1 13 -1 09 -1 13 -1 26 -1 06 -1 07 -1 11 -1 13 -1 17 -1 07 -1 13 -1 07 -1 13 -1 17 -1 13 -1 23 -1 26 -1 13 -1 17 -2
13 -1 26 -1 03 -2
23 -1 26 -1 26 -1 09 -1 26 -1 23 -1 26 -1 23 -1 26 -2
13 -1 06 -1 06 -1 13 -1 03 -1 26 -1 11 -1 23 -1 13 -1 26 -1 03 -1 07 -1 13 -1 23 -1 13 -1 23 -1 17 -1 13 -1 26 -1 13 -1 26 -1 07 -1 23 -1 23 -1 26 -1 13 -1 23 -1 26 -1 23 -1 13 -1 23 -1 26 -2
13 -1 23 -2
17 -1 26 -1 26 -1 17 -1 23 -1 26 -1 23 -1 26 -1 21 -2
13 -1 26 -1 23 -2
13 -1 23 -1 26 -1 13 -1 23 -1 26 -2
11 -1 17 -1 23 -1 03 -1 07 -1 09 -2
23 -1 26 -1 23 -1 26 -1 26 -1 23 -1 26 -1 13 -1 26 -1 26 -1 06 -1 13 -1 17 -1 03 -2
23 -1 26 -1 17 -1 26 -1 11 -1 09 -1 11 -1 23 -1 26 -1 17 -1 23 -1 11 -1 26 -1 26 -1 11 -1 13 -1 17 -1 21 -1 23 -1 26 -1 06 -1 06 -1 07 -1 26 -1 18 -1 17 -1 23 -1 23 -1 26 -1 11 -1 19 -1 21 -1 23 -1 26 -1 11 -1 19 -1 23 -1 26 -1 11 -1 21 -1 26 -1 19 -1 23 -1 23 -1 26 -1 19 -1 23 -1 26 -1 26 -2
23 -1 26 -1 18 -1 11 -2
20 -1 23 -1 26 -1 20 -1 20 -1 20 -1 20 -1 20 -1 20 -1 20 -1 20 -1 20 -1 20 -1 20 -1 20 -1 20 -1 20 -1 20 -1 20 -1 20 -1 20 -1 20 -1 20 -1 20 -1 20 -1 20 -1 20 -2
26 -1 26 -1 13 -1 26 -1 26 -1 07 -1 26 -1 26 -1 26 -1 26 -1 13 -1 26 -1 26 -1 26 -2
26 -1 13 -1 17 -2
11 -1 13 -1 17 -1 26 -1 30 -1 26 -1 09 -1 13 -1 26 -1 03 -2
26 -1 13 -1 23 -1 26 -1 23 -1 26 -1 11 -1 13 -1 23 -1 26 -1 13 -1 17 -1 23 -1 26 -1 13 -1 26 -1 26 -1 13 -1 13 -1 23 -1 26 -1 11 -1 26 -1 13 -1 23 -1 26 -1 13 -2
03 -1 26 -1 03 -1 13 -1 17 -2
13 -1 17 -2
23 -1 13 -1 23 -1 26 -1 23 -1 23 -2
13 -1 23 -1 26 -1 08 -1 13 -1 23 -1 26 -1 06 -1 06 -1 26 -1 07 -1 23 -1 26 -1 19 -1 07 -1 13 -1 09 -1 13 -1 26 -2
23 -1 23 -1 26 -1 26 -2
11 -2
11 -1 26 -1 23 -1 26 -1 13 -1 26 -1 23 -1 26 -1 26 -1 09 -1 26 -1 03 -1 07 -1 13 -1 26 -1 26 -1 13 -1 23 -1 26 -1 23 -1 26 -1 26 -1 19 -1 26 -2
23 -1 26 -1 26 -1 23 -1 26 -1 23 -1 26 -1 26 -1 06 -1 06 -1 03 -1 03 -1 06 -1 06 -1 23 -1 26 -1 23 -1 13 -1 17 -1 26 -1 26 -2
13 -1 23 -1 09 -1 13 -1 19 -1 26 -1 30 -1 19 -1 09 -1 13 -1 09 -1 13 -1 17 -1 13 -1 23 -1 26 -1 13 -1 17 -1 13 -1 23 -1 13 -1 13 -2
11 -1 23 -1 26 -1 03 -1 06 -1 06 -1 06 -1 13 -1 07 -1 13 -1 26 -1 03 -1 09 -1 13 -1 26 -1 11 -1 17 -1 13 -1 26 -1 11 -1 26 -1 26 -1 26 -1 13 -1 26 -1 13 -1 17 -1 23 -1 26 -2
13 -1 26 -1 26 -1 13 -1 26 -1 26 -1 13 -1 26 -1 23 -1 26 -1 03 -1 07 -1 13 -1 26 -1 13 -1 26 -1 26 -1 13 -1 26 -2
26 -1 26 -1 08 -1 08 -1 08 -1 08 -1 08 -1 08 -2
08 -1 08 -1 08 -1 09 -1 03 -1 23 -1 26 -1 08 -1 08 -1 08 -1 08 -1 08 -1 08 -1 08 -1 08 -1 08 -1 08 -1 08 -1 08 -1 08 -1 08 -1 08 -1 08 -1 08 -1 09 -1 26 -2
26 -1 26 -1 26 -1 23 -1 26 -1 26 -1 23 -1 26 -1 23 -1 26 -1 26 -2
07 -1 19 -1 03 -1 23 -1 26 -1 13 -1 17 -1 03 -1 13 -1 17 -1 19 -1 23 -1 03 -1 13 -1 23 -1 19 -1 09 -1 13 -1 13 -1 19 -1 13 -1 17 -1 23 -1 19 -1 13 -1 17 -1 26 -1 26 -1 23 -1 26 -1 13 -1 17 -1 26 -1 13 -1 17 -1 19 -1 23 -1 23 -1 19 -1 23 -1 26 -1 03 -1 06 -1 06 -1 06 -2
06 -1 06 -1 06 -1 26 -1 23 -1 23 -1 26 -1 23 -1 26 -1 26 -2
11 -1 14 -1 26 -1 13 -1 16 -1 13 -1 16 -1 13 -1 26 -1 13 -1 16 -1 13 -1 17 -1 13 -1 03 -1 26 -1 13 -1 16 -1 13 -1 03 -1 11 -1 13 -1 26 -1 13 -1 17 -1 03 -1 07 -1 13 -1 23 -1 26 -1 03 -1 26 -1 13 -1 23 -1 26 -1 26 -1 26 -1 13 -1 03 -1 07 -1 07 -1 17 -1 23 -1 26 -1 13 -1 23 -1 03 -1 03 -1 07 -1 13 -1 06 -1 13 -1 03 -1 07 -1 26 -1 13 -1 13 -1 17 -1 13 -1 17 -1 23 -1 06 -1 06 -1 07 -1 23 -1 26 -1 07 -1 13 -1 13 -1 03 -1 07 -1 13 -1 26 -1 08 -1 08 -1 08 -1 08 -1 08 -1 08 -1 08 -1 08 -1 08 -1 08 -1 08 -1 13 -1 16 -1 08 -1 08 -1 08 -1 13 -1 16 -1 26 -1 08 -1 08 -1 26 -1 08 -1 08 -1 08 -1 08 -2
03 -1 11 -1 13 -1 30 -1 06 -1 26 -1 13 -2
26 -1 13 -1 17 -1 13 -1 23 -1 26 -1 23 -1 26 -1 13 -1 23 -1 26 -1 09 -1 06 -1 23 -2
06 -2
26 -1 26 -1 26 -1 26 -1 26 -1 26 -1 26 -1 26 -1 26 -1 26 -1 26 -1 26 -1 26 -1 26 -1 26 -1 26 -1 26 -1 09 -1 11 -1 26 -1 06 -1 11 -1 26 -1 26 -1 26 -1 26 -2
17 -1 13 -1 23 -1 26 -1 03 -1 07 -1 13 -1 07 -1 09 -1 13 -1 07 -1 13 -1 23 -1 26 -1 19 -1 13 -1 03 -1 13 -1 17 -1 03 -1 06 -1 26 -1 07 -1 13 -1 23 -1 07 -1 08 -1 13 -1 07 -1 08 -1 13 -1 03 -1 07 -1 13 -1 07 -1 08 -1 13 -1 07 -1 13 -1 07 -1 13 -1 07 -1 08 -1 13 -1 07 -1 13 -1 07 -1 08 -1 13 -1 03 -1 07 -1 13 -1 08 -1 13 -1 17 -1 07 -1 13 -1 07 -1 08 -1 13 -1 08 -1 23 -1 26 -1 08 -1 08 -1 09 -1 08 -1 08 -1 11 -1 08 -1 08 -1 08 -1 13 -1 17 -1 13 -1 17 -1 09 -1 13 -1 17 -1 23 -1 26 -2
06 -1 03 -1 06 -1 06 -1 19 -2
18 -1 20 -1 20 -1 20 -1 20 -1 20 -1 20 -1 20 -1 20 -1 20 -1 20 -1 20 -1 20 -1 20 -2
26 -1 15 -1 17 -1 26 -1 26 -1 15 -1 17 -1 23 -1 13 -1 15 -1 17 -1 23 -1 26 -1 30 -1 15 -1 17 -1 19 -1 23 -1 26 -1 03 -1 13 -1 26 -2
17 -1 13 -1 23 -1 13 -1 23 -1 26 -1 19 -1 13 -1 13 -1 18 -1 13 -1 23 -1 26 -2
18 -1 17 -1 11 -1 11 -1 03 -2
13 -1 17 -2
26 -1 13 -1 23 -1 26 -1 23 -1 26 -1 26 -1 26 -1 03 -1 13 -1 26 -1 23 -1 26 -1 03 -1 13 -1 23 -1 26 -1 09 -1 13 -1 17 -1 23 -1 26 -1 06 -1 06 -1 06 -1 26 -1 23 -1 26 -1 13 -1 26 -1 13 -1 03 -1 23 -1 26 -1 09 -1 13 -1 19 -1 23 -1 13 -2
13 -1 18 -1 20 -2
26 -1 26 -2
13 -2
23 -1 26 -1 23 -1 26 -1 26 -1 23 -1 26 -1 23 -1 26 -1 13 -1 17 -2
26 -1 23 -1 26 -1 23 -1 26 -1 04 -1 26 -1 26 -2
13 -1 17 -1 11 -1 11 -1 11 -1 04 -1 17 -1 13 -1 23 -2
07 -1 26 -1 13 -2
23 -1 26 -1 23 -1 26 -1 23 -1 19 -1 23 -1 26 -1 26 -1 23 -1 26 -1 23 -1 26 -1 23 -1 26 -1 23 -1 26 -1 23 -1 26 -1 23 -1 26 -1 23 -2
13 -1 23 -1 26 -1 26 -1 26 -1 26 -2
26 -2
26 -2
26 -2
23 -1 26 -1 26 -1 23 -1 26 -1 23 -1 26 -1 03 -1 23 -1 26 -1 13 -1 26 -1 26 -1 26 -1 26 -1 26 -1 13 -1 23 -1 26 -1 03 -2
07 -1 23 -1 26 -1 26 -1 19 -1 26 -1 23 -1 26 -1 23 -1 26 -1 26 -1 23 -1 26 -1 23 -1 26 -1 26 -1 23 -1 26 -1 23 -1 26 -2
06 -1 13 -1 23 -1 26 -1 13 -1 26 -2
13 -1 23 -1 26 -1 03 -1 07 -1 26 -1 23 -1 26 -1 03 -1 07 -1 13 -1 23 -1 26 -1 13 -1 23 -1 26 -1 26 -1 26 -1 13 -1 23 -1 26 -1 03 -1 07 -1 23 -1 26 -1 07 -1 11 -1 12 -1 26 -1 07 -1 13 -1 07 -1 11 -1 13 -1 07 -1 13 -1 07 -1 13 -1 07 -1 13 -1 07 -1 13 -1 07 -1 13 -1 07 -1 13 -1 23 -1 07 -1 13 -1 07 -1 13 -1 07 -1 13 -1 23 -1 26 -1 13 -1 23 -1 26 -1 13 -1 26 -1 03 -1 07 -1 26 -1 13 -1 23 -1 26 -1 09 -1 09 -1 13 -1 23 -1 26 -1 03 -1 07 -1 13 -1 23 -1 26 -1 09 -1 17 -1 19 -1 26 -1 06 -1 07 -1 23 -2
26 -1 26 -1 13 -1 13 -1 23 -1 26 -1 26 -1 13 -1 26 -1 26 -1 26 -2
26 -1 26 -2
13 -1 23 -1 26 -1 13 -1 23 -1 26 -1 08 -1 08 -1 08 -1 08 -1 08 -1 08 -1 08 -1 08 -1 08 -1 08 -1 09 -1 13 -1 23 -1 26 -1 08 -1 08 -1 08 -1 08 -1 08 -1 08 -1 08 -1 08 -1 08 -1 13 -1 08 -1 08 -1 08 -1 08 -1 08 -1 08 -1 08 -1 08 -1 08 -1 08 -1 08 -1 08 -1 08 -1 08 -1 08 -1 08 -1 03 -1 08 -1 13 -1 23 -1 26 -1 17 -1 23 -1 26 -1 08 -1 13 -1 23 -2
11 -1 13 -2
23 -1 23 -1 23 -2
03 -1 17 -1 30 -1 11 -1 26 -1 26 -2
23 -2
13 -1 17 -1 13 -1 07 -1 13 -1 26 -1 19 -1 13 -1 13 -1 11 -1 11 -1 17 -2
13 -1 18 -1 13 -1 19 -1 26 -1 13 -1 08 -1 08 -1 08 -1 08 -1 08 -1 08 -1 08 -1 08 -1 19 -1 13 -1 23 -1 13 -1 23 -1 26 -1 13 -1 26 -1 09 -2
18 -1 17 -1 23 -1 26 -1 03 -1 13 -1 26 -1 13 -1 13 -1 23 -1 26 -1 26 -1 13 -1 23 -1 13 -1 23 -1 26 -1 18 -1 26 -2
26 -1 06 -1 07 -1 26 -1 30 -1 26 -1 13 -2
09 -1 17 -1 23 -1 26 -1 23 -1 17 -1 26 -1 23 -1 26 -1 26 -1 13 -1 17 -1 23 -1 26 -1 23 -1 23 -1 03 -1 06 -1 11 -1 26 -1 23 -1 26 -1 23 -1 26 -1 19 -1 23 -1 23 -1 26 -1 06 -1 06 -1 03 -1 03 -1 03 -1 23 -1 26 -1 23 -1 26 -1 23 -1 26 -1 17 -2
07 -1 07 -1 07 -1 11 -1 07 -1 07 -1 07 -1 26 -1 13 -1 26 -1 07 -1 07 -1 07 -1 07 -1 13 -1 07 -1 07 -1 07 -1 26 -1 26 -1 26 -1 13 -1 17 -1 13 -1 03 -1 26 -1 07 -1 11 -1 23 -1 26 -1 13 -1 26 -1 26 -1 26 -2
06 -1 09 -1 23 -1 26 -1 13 -1 23 -1 26 -1 23 -1 26 -1 23 -1 26 -1 06 -1 07 -1 13 -1 23 -2
23 -1 26 -1 23 -1 26 -2
27 -1 03 -1 26 -1 09 -1 18 -1 13 -1 09 -1 09 -1 18 -2
17 -1 26 -1 26 -2
17 -1 19 -1 23 -1 09 -1 17 -1 23 -1 26 -1 17 -1 19 -1 23 -1 26 -2
13 -1 26 -1 26 -1 09 -1 26 -2
06 -1 19 -2
11 -1 13 -1 23 -1 26 -1 19 -1 19 -1 19 -1 13 -1 23 -1 26 -1 11 -1 13 -1 23 -1 26 -1 13 -1 23 -1 26 -1 03 -1 07 -1 13 -1 11 -1 13 -2
17 -1 23 -1 26 -1 03 -1 17 -1 23 -1 17 -1 26 -1 18 -1 17 -1 09 -1 09 -2
06 -1 26 -1 26 -2
11 -1 17 -2
03 -1 13 -1 23 -1 13 -1 23 -1 03 -1 13 -1 23 -1 22 -1 13 -1 23 -1 26 -1 22 -1 13 -1 23 -2
03 -1 07 -1 13 -1 03 -1 07 -1 13 -1 26 -1 03 -1 07 -1 13 -1 26 -1 23 -1 26 -1 03 -1 07 -1 13 -1 07 -1 13 -1 23 -1 26 -1 26 -1 07 -1 13 -1 23 -1 26 -1 26 -1 07 -1 13 -1 26 -1 07 -1 13 -1 23 -1 26 -1 07 -1 13 -1 07 -1 13 -1 23 -1 26 -1 07 -1 13 -1 26 -1 07 -1 13 -1 26 -1 07 -1 13 -1 07 -1 13 -1 26 -1 13 -1 26 -1 07 -1 13 -1 26 -1 11 -1 07 -1 13 -1 07 -1 13 -1 26 -1 07 -1 13 -1 26 -2
26 -1 13 -1 17 -1 17 -1 23 -1 11 -1 13 -1 17 -1 11 -1 11 -1 11 -1 17 -1 06 -1 07 -1 23 -1 26 -1 09 -1 13 -1 17 -1 26 -1 11 -1 11 -1 23 -1 26 -1 26 -1 17 -1 26 -1 03 -1 07 -1 11 -1 13 -1 26 -1 13 -1 17 -2
26 -1 11 -1 06 -1 13 -1 26 -1 13 -1 09 -2
13 -1 13 -1 03 -1 18 -2
23 -1 26 -1 26 -2
26 -1 23 -1 26 -2
17 -1 23 -2
17 -1 13 -1 03 -1 03 -1 13 -1 09 -1 13 -1 09 -1 26 -1 13 -1 26 -1 17 -1 13 -1 03 -1 09 -1 13 -1 17 -1 13 -1 23 -1 26 -1 13 -1 23 -1 26 -1 26 -1 03 -1 11 -1 13 -1 18 -2
23 -1 26 -1 13 -1 03 -1 23 -1 26 -1 23 -1 26 -1 11 -1 23 -1 26 -1 03 -1 13 -1 23 -1 26 -1 13 -1 26 -1 23 -1 26 -1 26 -2
23 -1 26 -1 23 -1 26 -1 19 -1 11 -1 23 -1 11 -1 23 -1 26 -1 23 -1 26 -1 23 -1 26 -1 23 -1 26 -1 23 -1 26 -1 23 -1 26 -1 23 -1 26 -1 03 -1 11 -1 23 -1 26 -2
11 -1 23 -1 26 -1 19 -2
07 -2
23 -2
26 -1 26 -1 26 -1 26 -1 26 -1 26 -1 26 -1 26 -1 26 -1 26 -1 26 -1 24 -1 26 -1 13 -1 26 -1 26 -1 21 -1 17 -1 26 -1 13 -1 17 -1 06 -1 23 -1 26 -1 03 -1 26 -1 26 -1 26 -1 26 -1 13 -1 26 -1 11 -1 03 -1 11 -1 17 -1 13 -1 26 -1 11 -1 13 -1 17 -1 26 -1 26 -2
26 -1 26 -1 26 -1 23 -1 26 -1 26 -2
13 -1 26 -2
23 -1 26 -1 08 -1 08 -1 08 -1 08 -1 19 -2
17 -1 26 -1 07 -2
23 -1 26 -1 23 -1 26 -1 13 -1 03 -1 18 -1 18 -1 03 -1 13 -1 23 -1 26 -1 09 -1 13 -1 13 -1 26 -1 23 -1 26 -1 08 -1 13 -1 23 -1 09 -1 13 -2
06 -1 13 -1 26 -1 13 -1 26 -1 13 -1 13 -1 07 -1 23 -1 26 -2
23 -1 23 -1 23 -1 19 -1 23 -1 26 -2
26 -1 26 -1 07 -1 13 -2
26 -1 26 -1 23 -1 26 -1 26 -1 23 -1 26 -2
06 -1 09 -1 13 -1 30 -1 26 -1 08 -1 08 -1 08 -1 08 -1 08 -1 08 -1 08 -1 08 -1 08 -1 08 -1 08 -1 09 -1 13 -1 08 -1 08 -1 08 -1 08 -2
11 -1 07 -1 26 -1 23 -1 18 -1 19 -1 23 -1 26 -1 19 -1 09 -1 11 -2
26 -1 19 -1 13 -1 26 -1 13 -1 17 -1 09 -1 26 -1 13 -1 17 -1 09 -1 13 -1 17 -1 26 -1 09 -1 13 -1 17 -2
23 -1 26 -1 06 -1 19 -1 26 -1 18 -1 08 -1 08 -1 08 -1 11 -1 09 -1 13 -1 17 -1 08 -1 08 -1 08 -1 08 -1 08 -1 08 -1 08 -2
13 -1 23 -1 26 -2
06 -2
03 -1 03 -1 07 -1 03 -1 03 -1 07 -1 13 -1 23 -1 26 -1 03 -1 07 -1 11 -2
17 -1 26 -1 23 -1 26 -1 13 -1 23 -1 26 -1 26 -2
21 -1 23 -1 21 -1 26 -1 13 -1 17 -1 26 -1 23 -1 26 -1 09 -1 11 -1 03 -1 07 -1 03 -1 07 -1 09 -1 06 -1 13 -1 17 -1 06 -1 26 -1 23 -1 26 -1 03 -1 07 -1 23 -1 26 -2
26 -1 17 -1 03 -1 09 -1 17 -1 26 -1 03 -1 26 -1 19 -1 17 -1 26 -1 03 -1 17 -1 23 -1 26 -1 17 -1 26 -1 08 -1 08 -1 17 -1 23 -1 26 -2
19 -1 19 -1 13 -1 23 -1 26 -1 07 -1 13 -1 07 -1 13 -1 07 -1 13 -1 03 -1 07 -1 13 -1 13 -1 23 -1 26 -1 07 -1 13 -1 07 -1 13 -1 07 -1 13 -1 07 -1 13 -1 13 -1 26 -1 07 -1 13 -1 07 -1 13 -1 11 -1 07 -1 13 -1 07 -1 13 -1 13 -1 23 -1 26 -1 03 -1 07 -1 13 -1 07 -1 13 -1 07 -1 13 -1 17 -1 07 -1 23 -1 26 -1 07 -1 13 -1 06 -1 13 -1 23 -1 26 -1 13 -1 13 -1 13 -1 17 -1 07 -1 13 -1 07 -1 13 -1 23 -1 26 -1 07 -1 13 -1 23 -1 26 -1 11 -1 21 -1 23 -1 26 -1 07 -1 23 -1 26 -1 06 -1 23 -1 26 -1 07 -1 13 -1 07 -1 13 -1 07 -1 13 -1 03 -1 23 -1 26 -1 13 -1 17 -1 23 -1 26 -1 26 -1 23 -1 26 -2
26 -1 23 -1 26 -1 13 -1 17 -1 03 -1 11 -1 12 -1 11 -1 19 -1 26 -1 23 -1 26 -1 23 -1 26 -1 03 -1 23 -1 26 -1 19 -1 23 -1 26 -1 09 -1 23 -1 26 -1 23 -1 26 -1 23 -1 26 -1 23 -1 26 -1 23 -1 26 -2
03 -1 07 -1 26 -2
08 -1 17 -1 08 -1 11 -1 26 -1 26 -1 08 -1 08 -1 08 -1 08 -1 17 -1 08 -1 03 -1 07 -1 08 -1 13 -1 26 -1 26 -1 08 -1 26 -1 09 -1 17 -1 26 -1 03 -1 07 -1 13 -1 09 -1 13 -1 08 -1 23 -1 26 -1 08 -1 23 -1 26 -1 08 -1 09 -1 13 -1 26 -1 08 -1 08 -1 23 -1 26 -1 08 -1 03 -1 07 -1 13 -1 26 -1 08 -1 17 -1 13 -1 08 -1 13 -1 26 -1 19 -1 13 -1 23 -1 26 -1 13 -1 03 -1 07 -1 17 -1 23 -1 26 -1 08 -1 19 -1 11 -1 08 -1 08 -1 13 -1 23 -1 08 -1 19 -1 08 -1 11 -1 19 -1 26 -1 13 -1 23 -1 26 -1 18 -1 26 -2
23 -1 26 -1 13 -1 23 -1 26 -1 17 -1 23 -1 23 -1 26 -1 13 -1 23 -1 26 -1 08 -1 03 -1 08 -1 23 -1 26 -1 08 -1 13 -1 08 -1 26 -1 03 -1 08 -1 17 -1 19 -1 09 -1 19 -1 13 -1 23 -1 26 -1 03 -1 19 -1 23 -1 26 -1 19 -1 23 -1 26 -1 03 -1 09 -1 11 -1 23 -1 26 -1 13 -1 23 -1 26 -1 23 -1 26 -1 17 -1 23 -1 23 -1 26 -1 03 -1 07 -1 23 -1 11 -1 13 -1 26 -1 03 -1 07 -1 23 -2
23 -1 26 -1 23 -1 26 -2
13 -1 23 -1 26 -1 23 -1 11 -1 21 -1 13 -1 26 -1 26 -1 13 -2
13 -1 23 -1 26 -1 13 -1 13 -1 26 -1 13 -1 03 -1 13 -1 23 -2
13 -1 03 -1 26 -1 07 -1 03 -1 07 -1 26 -1 13 -1 26 -1 03 -1 03 -1 26 -1 07 -1 13 -1 23 -1 07 -1 03 -2
26 -1 26 -1 23 -1 26 -1 26 -2
23 -1 18 -1 23 -1 18 -1 23 -2
23 -1 26 -2
13 -1 23 -1 26 -2
26 -1 13 -2
13 -1 23 -1 26 -1 03 -1 26 -2
26 -1 26 -1 26 -1 26 -1 19 -1 26 -1 26 -1 26 -2
18 -1 13 -1 26 -1 03 -1 07 -1 17 -1 11 -1 11 -1 26 -1 23 -1 26 -1 11 -1 26 -1 07 -1 23 -1 26 -1 13 -1 09 -1 26 -1 23 -1 13 -2
11 -1 23 -1 06 -1 26 -1 13 -1 26 -2
13 -1 26 -1 26 -1 13 -2
11 -2
13 -1 17 -1 23 -1 26 -1 23 -1 26 -1 23 -1 26 -1 03 -1 26 -1 03 -1 23 -1 26 -1 23 -1 26 -1 26 -2
23 -1 26 -1 23 -1 26 -1 19 -1 26 -1 09 -1 04 -1 23 -1 23 -1 26 -1 23 -1 26 -1 23 -1 26 -1 11 -1 23 -1 23 -1 26 -1 23 -1 26 -1 23 -1 26 -2
03 -1 13 -1 06 -2
06 -1 06 -1 26 -1 06 -1 17 -1 23 -1 26 -1 03 -1 07 -1 17 -1 26 -1 17 -1 23 -1 09 -1 23 -1 03 -1 07 -1 13 -1 17 -1 23 -1 19 -1 23 -1 26 -1 17 -1 23 -1 07 -1 23 -1 26 -1 23 -1 11 -2
23 -1 26 -1 23 -1 26 -2
26 -1 26 -2
17 -1 23 -1 18 -1 23 -1 09 -1 17 -1 23 -1 26 -1 17 -1 23 -1 11 -1 17 -1 03 -1 07 -1 11 -1 17 -1 23 -1 26 -1 08 -1 08 -1 23 -1 08 -1 08 -1 08 -1 08 -1 17 -1 08 -1 23 -1 08 -1 08 -1 08 -1 08 -1 08 -1 17 -1 08 -1 08 -1 06 -1 08 -2
26 -1 08 -1 23 -1 26 -1 08 -1 23 -1 08 -1 08 -1 08 -1 08 -1 23 -1 26 -1 08 -1 08 -1 13 -1 07 -1 08 -1 08 -1 08 -1 08 -1 08 -1 13 -1 07 -1 23 -1 26 -1 08 -1 13 -1 23 -1 08 -1 13 -1 08 -1 13 -1 08 -1 13 -1 13 -1 03 -1 08 -1 26 -1 08 -1 08 -1 08 -1 08 -1 26 -1 08 -1 26 -1 08 -1 17 -1 03 -1 08 -1 23 -1 08 -1 26 -1 17 -1 08 -1 13 -1 26 -1 26 -1 23 -1 26 -2
17 -2
19 -1 19 -1 19 -1 17 -1 19 -1 26 -1 19 -1 19 -1 19 -1 19 -1 19 -1 19 -1 23 -1 26 -1 11 -2
13 -1 13 -1 17 -1 10 -1 11 -1 13 -1 11 -1 17 -1 13 -1 13 -2
13 -1 23 -1 26 -1 23 -2
26 -1 26 -1 26 -1 26 -2
13 -1 19 -1 26 -1 17 -1 11 -1 13 -2
19 -1 13 -1 23 -1 13 -1 23 -1 26 -2
11 -1 13 -1 23 -1 26 -1 13 -1 26 -1 13 -1 03 -1 07 -1 26 -2
17 -1 11 -2
17 -1 03 -1 17 -1 26 -1 23 -1 26 -2
23 -1 26 -1 13 -1 26 -1 03 -1 23 -1 26 -1 23 -1 26 -1 23 -1 26 -1 23 -1 26 -1 23 -1 26 -1 13 -1 03 -1 23 -1 26 -1 26 -1 23 -1 26 -1 26 -1 03 -1 26 -1 26 -1 26 -1 03 -1 03 -1 26 -2
17 -1 23 -1 26 -2
23 -1 23 -1 26 -1 23 -2
11 -1 11 -1 13 -2
23 -1 26 -1 26 -1 13 -1 23 -1 26 -1 06 -1 23 -1 26 -1 23 -1 26 -1 13 -1 03 -1 10 -1 13 -1 26 -1 09 -1 11 -1 09 -1 09 -1 13 -1 11 -1 16 -1 23 -1 26 -1 23 -1 26 -1 13 -1 23 -1 26 -1 11 -1 03 -1 13 -1 23 -1 26 -1 13 -1 23 -1 26 -1 26 -1 17 -1 03 -1 06 -1 26 -1 17 -1 23 -1 26 -2
23 -1 26 -1 17 -2
23 -1 26 -2
13 -1 17 -1 03 -1 07 -1 13 -1 17 -1 06 -1 06 -1 06 -1 23 -1 26 -1 13 -1 17 -1 11 -1 11 -1 13 -1 23 -1 26 -1 13 -1 13 -1 09 -1 13 -2
07 -1 13 -1 17 -1 07 -1 23 -1 26 -1 07 -1 07 -1 03 -1 26 -1 13 -1 17 -1 26 -1 13 -1 23 -1 26 -1 26 -1 23 -1 26 -1 23 -1 26 -1 26 -1 17 -1 13 -1 17 -1 11 -1 26 -1 13 -1 26 -1 26 -1 26 -1 11 -1 13 -1 26 -2
23 -1 26 -1 23 -1 26 -1 23 -1 26 -1 23 -1 26 -1 23 -1 26 -2
13 -1 23 -1 26 -1 13 -1 26 -1 13 -1 23 -1 26 -1 11 -1 23 -1 26 -1 26 -1 13 -1 23 -1 26 -1 26 -1 13 -1 26 -1 23 -1 26 -1 03 -1 09 -1 23 -1 26 -2
23 -1 06 -1 07 -1 23 -1 13 -1 26 -1 13 -1 23 -1 13 -1 17 -1 26 -1 11 -1 11 -1 18 -1 11 -1 11 -1 11 -1 11 -1 11 -1 13 -1 17 -1 11 -1 11 -1 11 -1 11 -1 26 -1 11 -1 11 -1 11 -1 11 -1 11 -1 11 -1 13 -2
26 -2
17 -1 26 -2
26 -1 13 -1 26 -1 17 -1 23 -1 26 -1 26 -1 19 -1 26 -1 26 -1 03 -1 13 -1 03 -1 09 -1 26 -2
19 -1 13 -1 26 -1 13 -1 19 -1 19 -1 19 -1 19 -1 19 -1 19 -1 19 -1 19 -1 13 -1 26 -1 19 -1 23 -1 26 -1 19 -1 13 -2
17 -1 19 -1 23 -1 26 -2
20 -1 20 -1 20 -1 20 -1 20 -1 20 -2
13 -1 26 -1 30 -1 13 -1 11 -1 13 -1 17 -1 11 -1 03 -1 11 -1 13 -1 17 -1 13 -1 17 -1 06 -1 03 -1 07 -1 13 -1 13 -1 17 -2
13 -1 26 -1 26 -1 13 -1 18 -1 13 -1 23 -1 26 -1 26 -2
13 -2
13 -1 23 -1 26 -1 13 -1 23 -1 26 -1 17 -1 30 -1 23 -1 26 -1 13 -1 23 -2
23 -1 13 -1 13 -1 26 -1 13 -1 23 -1 26 -1 26 -1 13 -1 23 -1 26 -1 13 -1 23 -1 26 -1 19 -1 13 -1 11 -1 23 -1 26 -1 13 -1 13 -1 23 -1 26 -1 13 -1 23 -1 26 -1 13 -2
07 -1 17 -1 23 -1 19 -1 03 -1 11 -1 23 -1 03 -1 07 -1 03 -1 03 -1 11 -1 26 -1 23 -1 26 -2
13 -1 13 -1 26 -2
26 -1 26 -1 13 -1 13 -1 23 -1 26 -1 26 -1 26 -1 13 -1 23 -1 26 -2
13 -1 13 -1 03 -1 13 -1 19 -1 26 -1 13 -2
08 -1 19 -1 08 -1 08 -1 08 -1 13 -1 09 -1 26 -1 19 -1 13 -1 26 -1 26 -1 11 -1 19 -1 13 -1 17 -1 13 -1 13 -1 26 -2
26 -1 09 -1 13 -1 19 -1 17 -1 19 -1 09 -1 17 -1 19 -1 08 -1 08 -1 09 -1 17 -1 08 -1 08 -1 08 -1 08 -1 08 -1 08 -1 08 -1 08 -1 08 -1 08 -1 08 -1 08 -1 08 -1 08 -1 08 -1 08 -1 08 -1 08 -1 08 -1 08 -1 08 -1 08 -1 08 -2
26 -1 13 -1 17 -1 13 -1 26 -1 26 -1 06 -1 17 -1 26 -1 03 -1 07 -1 09 -1 17 -1 26 -1 26 -1 03 -1 07 -1 13 -1 17 -1 06 -1 06 -1 07 -1 26 -1 07 -1 13 -1 07 -1 13 -1 07 -1 13 -1 07 -1 13 -1 07 -1 13 -1 07 -1 13 -1 07 -1 13 -1 07 -1 13 -1 07 -1 13 -1 07 -1 13 -1 07 -1 13 -1 07 -1 13 -1 13 -1 26 -1 13 -1 13 -1 26 -1 17 -1 08 -1 26 -1 08 -1 13 -1 13 -1 26 -1 08 -1 08 -1 08 -1 08 -1 08 -1 08 -1 08 -1 08 -1 26 -1 11 -1 26 -1 26 -2
23 -1 26 -1 23 -1 26 -2
17 -1 03 -1 19 -1 18 -2
10 -1 03 -1 03 -1 03 -1 26 -1 09 -1 26 -1 23 -1 26 -1 26 -2
26 -1 23 -2
03 -1 09 -1 11 -1 13 -1 30 -1 26 -1 26 -1 26 -2
23 -1 26 -1 07 -1 23 -2
03 -1 06 -1 30 -2
13 -1 26 -2
13 -1 18 -1 13 -2
13 -2
26 -1 26 -1 23 -1 26 -1 26 -1 03 -1 26 -1 26 -2
03 -1 06 -1 11 -1 17 -1 26 -1 03 -1 07 -1 13 -1 13 -1 03 -1 18 -2
11 -1 21 -1 26 -1 04 -1 17 -1 19 -1 26 -1 03 -1 26 -1 26 -1 09 -1 09 -1 17 -1 19 -1 26 -1 26 -1 09 -1 26 -1 26 -1 26 -1 17 -1 26 -1 26 -1 26 -1 26 -1 17 -1 26 -1 26 -1 26 -1 26 -2
13 -1 03 -1 03 -2
26 -1 07 -1 19 -1 23 -1 26 -1 23 -1 07 -1 23 -1 26 -1 07 -1 26 -1 07 -1 23 -1 03 -1 23 -1 26 -1 13 -1 23 -1 13 -1 07 -1 23 -1 26 -1 07 -1 26 -1 07 -1 26 -1 07 -1 26 -1 07 -1 23 -2
07 -1 13 -1 17 -1 26 -1 26 -1 26 -1 15 -1 17 -1 18 -1 26 -1 15 -1 17 -1 23 -1 26 -1 26 -1 21 -1 15 -1 17 -1 15 -1 17 -1 11 -2
26 -1 26 -1 17 -1 23 -1 17 -1 17 -1 03 -1 07 -1 17 -2
23 -1 26 -2
26 -1 06 -1 07 -1 23 -1 26 -1 19 -1 26 -1 09 -1 13 -1 17 -1 09 -1 13 -1 17 -1 26 -2
23 -2
07 -1 23 -1 26 -2
13 -1 23 -1 09 -1 09 -1 13 -1 19 -1 26 -1 23 -1 26 -1 17 -1 13 -1 03 -1 07 -1 13 -1 07 -1 13 -1 07 -1 13 -1 07 -1 13 -1 07 -1 13 -1 07 -1 13 -1 07 -1 13 -1 07 -1 13 -1 07 -1 13 -1 03 -1 07 -1 13 -1 07 -1 13 -1 07 -1 13 -1 07 -1 13 -1 07 -1 13 -1 07 -1 13 -1 07 -1 13 -1 03 -1 07 -1 09 -1 13 -1 07 -1 13 -1 07 -1 13 -1 07 -1 13 -1 07 -1 13 -1 07 -1 13 -1 03 -1 07 -1 13 -1 07 -1 13 -1 07 -1 13 -1 26 -1 07 -1 13 -1 07 -1 13 -1 07 -1 13 -1 07 -1 13 -1 03 -1 07 -1 13 -1 07 -1 13 -1 07 -1 13 -1 07 -1 13 -1 07 -1 13 -1 07 -1 13 -1 03 -1 07 -1 13 -1 07 -1 13 -1 07 -1 13 -1 07 -1 13 -1 07 -1 13 -1 07 -1 13 -1 07 -1 13 -1 07 -1 13 -1 07 -1 13 -1 23 -1 26 -1 07 -1 13 -1 07 -1 13 -1 07 -1 13 -1 07 -1 13 -1 07 -1 13 -1 03 -1 07 -1 13 -1 07 -1 13 -1 07 -1 13 -1 19 -1 07 -1 13 -1 07 -1 13 -1 07 -1 13 -1 07 -1 13 -1 03 -1 07 -1 13 -1 07 -1 13 -1 07 -1 13 -1 07 -1 13 -1 07 -1 13 -1 07 -1 13 -1 07 -1 13 -1 03 -1 07 -1 13 -1 07 -1 13 -1 07 -1 13 -1 07 -1 13 -1 07 -1 09 -1 13 -1 07 -1 13 -1 07 -1 13 -1 07 -1 13 -1 07 -1 13 -1 07 -1 13 -1 07 -1 13 -1 07 -1 13 -1 07 -1 13 -1 07 -1 13 -1 03 -1 07 -1 13 -1 23 -1 26 -1 07 -1 13 -1 07 -1 13 -1 07 -1 13 -1 07 -1 13 -1 07 -1 13 -1 07 -1 13 -1 07 -1 13 -1 07 -1 13 -1 07 -1 13 -1 19 -1 07 -1 13 -1 07 -1 13 -1 07 -1 13 -1 07 -1 13 -1 07 -1 13 -1 03 -1 07 -1 13 -1 07 -1 13 -1 07 -1 13 -1 07 -1 13 -1 07 -1 13 -1 07 -1 13 -1 03 -1 07 -1 13 -1 07 -1 13 -1 26 -1 07 -1 13 -1 07 -1 13 -1 07 -1 13 -1 07 -1 13 -1 07 -1 13 -1 03 -1 07 -1 13 -1 07 -1 13 -1 07 -1 13 -1 07 -1 13 -1 07 -1 13 -1 07 -1 13 -1 07 -1 13 -1 03 -1 07 -1 13 -1 07 -1 13 -1 07 -1 09 -1 13 -1 19 -1 07 -1 13 -1 23 -1 26 -1 07 -1 13 -1 07 -1 13 -1 07 -1 13 -1 03 -1 07 -1 13 -1 07 -1 13 -1 07 -1 13 -1 07 -1 13 -1 07 -1 13 -1 07 -1 13 -1 07 -1 13 -1 03 -1 07 -1 13 -1 07 -1 13 -1 07 -1 13 -1 07 -1 13 -1 07 -1 13 -1 07 -1 13 -1 07 -1 13 -1 03 -1 07 -1 13 -1 07 -1 13 -1 23 -1 26 -1 07 -1 13 -1 07 -1 13 -1 07 -1 13 -1 07 -1 13 -1 07 -1 13 -1 07 -1 13 -1 03 -1 07 -1 13 -1 07 -1 08 -1 13 -1 07 -1 13 -1 07 -1 08 -1 13 -1 07 -1 13 -1 07 -1 13 -1 03 -1 07 -1 08 -1 13 -1 07 -1 13 -1 07 -1 08 -1 13 -1 19 -1 07 -1 13 -1 07 -1 08 -1 13 -1 07 -1 13 -1 03 -1 07 -1 08 -1 13 -1 07 -1 08 -1 13 -1 07 -1 13 -1 07 -1 13 -1 08 -1 13 -1 08 -1 13 -1 08 -1 13 -1 08 -1 13 -1 08 -1 13 -1 08 -1 13 -1 19 -1 08 -1 13 -2
26 -1 26 -1 26 -1 09 -2
19 -1 23 -1 26 -1 19 -1 23 -1 26 -1 23 -1 26 -1 19 -1 23 -1 26 -2
13 -2
26 -1 13 -1 26 -1 26 -1 09 -1 17 -1 13 -1 08 -1 26 -1 08 -1 08 -1 08 -1 26 -1 08 -1 03 -1 08 -1 08 -1 08 -1 26 -1 08 -1 08 -1 13 -1 08 -1 08 -1 08 -1 26 -1 08 -1 08 -1 08 -1 08 -1 08 -1 26 -1 26 -1 13 -1 26 -1 26 -1 26 -1 13 -1 26 -2
26 -1 11 -1 23 -1 13 -1 23 -1 26 -2
13 -1 23 -1 26 -1 26 -1 03 -1 26 -1 13 -1 26 -1 11 -1 26 -1 23 -1 26 -1 26 -1 13 -1 26 -1 03 -1 18 -1 07 -1 13 -1 23 -1 26 -2
13 -1 13 -1 23 -1 26 -1 17 -1 07 -1 23 -1 07 -1 11 -1 23 -1 23 -1 26 -2
09 -1 20 -1 20 -1 17 -1 23 -1 19 -1 26 -1 20 -1 20 -1 20 -1 17 -1 20 -1 09 -1 20 -1 13 -1 20 -1 20 -1 20 -1 20 -1 17 -1 23 -1 20 -1 11 -1 20 -1 11 -1 20 -1 18 -1 20 -1 17 -1 23 -1 26 -1 17 -1 19 -1 23 -1 26 -1 20 -1 23 -1 20 -1 20 -1 23 -1 26 -1 19 -1 20 -1 17 -1 20 -1 20 -1 26 -1 20 -1 20 -1 20 -1 20 -1 20 -1 20 -1 20 -1 20 -2
13 -1 17 -1 13 -1 13 -1 23 -1 11 -1 13 -1 17 -1 11 -1 23 -1 13 -1 23 -1 23 -1 13 -2
23 -1 26 -1 23 -1 26 -1 26 -1 23 -1 26 -1 26 -2
06 -2
13 -1 19 -1 26 -1 26 -2
13 -1 26 -1 26 -1 03 -1 23 -1 23 -1 23 -1 26 -1 13 -1 17 -1 23 -1 23 -2
26 -1 26 -1 13 -1 17 -1 13 -1 26 -1 26 -1 13 -1 26 -1 09 -1 13 -1 13 -1 19 -1 26 -1 09 -1 13 -2
13 -1 23 -1 26 -1 13 -1 26 -1 13 -1 26 -1 13 -1 17 -1 13 -1 17 -1 06 -1 07 -1 23 -1 26 -1 07 -1 07 -1 13 -1 07 -1 13 -1 07 -1 13 -1 13 -1 26 -1 13 -1 13 -2
03 -1 13 -1 03 -1 07 -2
26 -1 09 -1 23 -1 26 -1 26 -1 23 -1 26 -1 09 -2
03 -1 07 -1 13 -1 26 -1 13 -1 26 -1 03 -1 23 -1 26 -1 13 -1 26 -2
03 -1 07 -1 23 -1 26 -1 23 -1 23 -1 23 -1 26 -1 26 -1 23 -1 23 -1 26 -1 13 -1 13 -1 13 -1 23 -1 26 -1 13 -1 23 -1 23 -1 26 -1 23 -1 26 -1 23 -1 23 -1 26 -2
13 -1 17 -1 23 -1 26 -1 13 -1 17 -1 23 -1 26 -1 23 -1 26 -1 13 -1 17 -1 26 -1 17 -1 13 -1 17 -1 23 -1 26 -1 13 -1 17 -1 23 -1 26 -1 13 -1 17 -1 23 -1 26 -2
11 -1 18 -1 18 -2
26 -1 06 -1 26 -1 23 -1 26 -1 03 -1 07 -1 26 -1 26 -1 03 -1 07 -1 26 -1 26 -1 26 -1 26 -1 03 -1 26 -1 26 -1 26 -1 19 -1 23 -1 26 -1 19 -1 26 -2
23 -1 26 -1 19 -1 26 -1 26 -1 26 -1 23 -1 23 -1 26 -2
19 -1 23 -1 26 -1 13 -1 23 -1 26 -1 23 -1 26 -1 13 -1 17 -1 23 -1 26 -1 23 -1 26 -1 23 -1 26 -1 13 -1 26 -1 23 -1 26 -2
17 -1 26 -1 17 -1 17 -2
26 -1 03 -1 26 -1 13 -1 23 -1 26 -1 04 -1 08 -1 04 -1 26 -1 13 -1 23 -1 26 -1 26 -1 13 -1 23 -1 26 -1 26 -1 11 -1 26 -1 09 -1 13 -1 23 -1 26 -1 26 -1 23 -1 26 -2
23 -1 26 -1 17 -1 23 -1 26 -1 03 -1 07 -2
23 -1 03 -1 23 -1 26 -2
26 -1 07 -1 26 -2
13 -1 23 -1 26 -1 17 -1 23 -1 13 -1 17 -1 17 -2
26 -1 08 -1 08 -1 08 -1 17 -1 23 -1 26 -1 08 -1 08 -1 08 -1 08 -1 08 -1 26 -1 08 -1 26 -1 08 -1 08 -1 08 -1 08 -1 08 -1 17 -1 08 -1 08 -1 08 -1 08 -1 08 -1 08 -1 26 -1 26 -1 03 -1 07 -1 17 -1 09 -1 26 -1 26 -2
13 -1 03 -1 07 -1 13 -1 23 -1 26 -1 03 -1 13 -1 23 -1 26 -1 03 -1 03 -1 07 -1 13 -1 26 -1 13 -1 13 -1 23 -1 26 -1 03 -1 13 -1 23 -1 26 -1 13 -1 26 -1 26 -1 26 -1 26 -2
13 -1 26 -2
13 -1 26 -1 13 -1 03 -1 06 -1 26 -1 13 -1 26 -1 17 -1 13 -1 26 -1 17 -1 13 -1 26 -1 13 -1 23 -1 26 -1 18 -1 18 -2
26 -1 13 -1 26 -1 23 -1 26 -1 26 -1 26 -1 26 -1 23 -1 26 -1 26 -1 13 -1 03 -1 23 -1 26 -1 26 -1 23 -1 26 -1 03 -1 07 -1 13 -1 23 -1 26 -1 26 -1 26 -1 13 -1 23 -1 26 -1 09 -1 23 -1 26 -1 08 -1 08 -1 08 -1 08 -1 08 -1 13 -1 08 -1 26 -1 08 -1 08 -1 08 -1 08 -1 26 -1 26 -1 03 -1 07 -1 13 -1 26 -1 26 -1 23 -1 26 -2
26 -1 13 -1 26 -1 26 -2
20 -1 20 -1 13 -1 23 -1 26 -1 20 -1 20 -1 20 -1 20 -1 20 -1 13 -1 23 -1 26 -1 20 -1 20 -1 20 -1 20 -1 20 -1 20 -1 20 -1 20 -1 13 -1 20 -1 20 -1 20 -1 20 -1 20 -1 20 -1 20 -1 20 -1 20 -1 20 -1 20 -1 20 -1 20 -1 20 -1 20 -1 20 -1 20 -1 20 -1 20 -1 20 -1 20 -1 20 -1 20 -1 20 -1 20 -1 20 -1 20 -1 20 -1 20 -1 20 -1 20 -2
17 -1 23 -1 26 -1 13 -1 23 -1 26 -1 11 -1 26 -1 13 -1 23 -1 13 -1 19 -1 26 -1 13 -1 23 -1 26 -1 23 -1 13 -1 26 -1 13 -1 17 -1 11 -2
03 -1 06 -1 17 -1 26 -2
19 -2
11 -1 26 -1 26 -2
26 -1 13 -1 13 -1 26 -1 13 -1 26 -1 13 -1 26 -1 13 -1 26 -1 26 -1 13 -1 23 -1 26 -1 13 -1 23 -1 26 -1 23 -1 26 -1 13 -1 13 -1 23 -1 26 -1 23 -1 13 -1 23 -1 26 -2
26 -1 26 -1 26 -1 23 -1 26 -1 26 -1 26 -1 26 -1 26 -1 23 -1 26 -1 23 -1 26 -1 26 -1 26 -1 13 -1 17 -1 26 -2
13 -1 26 -1 16 -1 16 -2
26 -1 26 -1 13 -1 17 -1 26 -1 03 -1 26 -1 26 -1 26 -1 10 -1 26 -2
26 -1 13 -1 23 -1 26 -1 23 -1 26 -1 13 -1 23 -1 26 -2
26 -2
26 -1 03 -1 23 -1 26 -1 03 -1 26 -1 26 -1 03 -1 26 -1 03 -1 07 -1 13 -1 26 -1 03 -1 11 -1 17 -1 26 -1 03 -1 26 -1 17 -1 26 -1 26 -1 03 -1 17 -1 26 -1 17 -1 23 -1 26 -1 26 -1 06 -1 17 -1 26 -1 17 -1 03 -1 26 -1 23 -1 26 -1 13 -1 23 -1 26 -1 26 -1 17 -1 23 -2
19 -1 11 -2
03 -1 07 -1 13 -1 13 -1 17 -1 17 -1 06 -1 06 -1 06 -1 06 -1 06 -1 07 -1 23 -2
18 -1 18 -1 13 -1 23 -1 26 -1 09 -1 06 -1 09 -1 09 -1 03 -1 23 -1 26 -2
26 -1 23 -1 26 -2
20 -1 20 -1 23 -1 26 -1 20 -1 20 -1 20 -1 20 -1 20 -1 20 -1 23 -1 26 -1 06 -1 20 -1 06 -1 06 -1 20 -1 03 -1 07 -1 17 -1 20 -1 20 -1 20 -1 20 -1 20 -1 20 -1 17 -1 20 -1 06 -1 13 -1 19 -1 23 -1 26 -1 26 -2
13 -1 17 -1 13 -2
13 -1 23 -1 26 -1 03 -1 13 -1 26 -1 26 -1 13 -2
03 -1 13 -1 17 -1 23 -1 26 -1 23 -1 26 -1 03 -1 23 -1 26 -1 26 -1 23 -1 26 -1 03 -1 13 -1 17 -1 23 -1 26 -1 13 -1 23 -1 26 -1 13 -1 03 -1 06 -1 13 -1 03 -1 23 -1 26 -1 03 -1 07 -1 17 -1 13 -1 17 -1 23 -1 26 -1 03 -1 23 -1 26 -1 03 -1 23 -1 26 -1 07 -1 13 -1 17 -1 19 -1 26 -1 03 -1 23 -1 03 -2
13 -1 23 -1 26 -1 17 -1 13 -1 17 -2
26 -1 23 -1 26 -1 09 -2
23 -1 26 -1 23 -1 26 -1 23 -1 26 -1 23 -1 26 -1 23 -1 23 -2
13 -1 03 -1 26 -2
11 -1 21 -1 13 -1 17 -1 26 -2
23 -1 26 -2
13 -2
23 -1 26 -1 13 -1 23 -1 26 -1 23 -1 26 -1 23 -1 26 -1 23 -1 26 -1 23 -1 26 -1 23 -1 26 -1 23 -1 26 -1 13 -1 23 -1 26 -1 23 -1 26 -1 23 -1 26 -1 13 -1 23 -1 26 -1 09 -1 13 -2
13 -1 23 -1 26 -2
23 -1 26 -1 03 -1 07 -1 03 -1 07 -1 03 -1 26 -1 09 -1 03 -1 26 -2
26 -1 26 -1 26 -1 26 -1 03 -1 03 -1 26 -1 23 -1 26 -1 26 -1 26 -1 26 -1 26 -1 26 -1 26 -2
13 -1 23 -1 26 -1 09 -1 11 -1 26 -1 03 -1 09 -1 26 -1 26 -1 26 -1 17 -1 03 -1 13 -2
13 -1 23 -1 26 -1 11 -1 23 -1 26 -1 13 -1 23 -1 26 -1 13 -1 11 -1 13 -1 17 -1 26 -1 26 -1 13 -1 23 -1 26 -1 26 -1 13 -1 09 -1 26 -1 13 -1 23 -1 26 -1 23 -1 26 -1 07 -1 13 -1 07 -1 13 -1 07 -1 13 -1 07 -1 07 -1 13 -1 07 -1 13 -1 07 -1 13 -1 26 -2
11 -1 13 -1 17 -1 23 -1 11 -1 23 -1 17 -1 23 -1 23 -1 23 -1 23 -1 13 -1 17 -1 23 -1 13 -1 17 -1 23 -1 13 -1 17 -2
26 -2
23 -1 26 -1 23 -1 26 -1 23 -1 26 -1 23 -1 26 -1 26 -2
23 -1 23 -1 17 -1 03 -1 17 -1 23 -1 26 -1 18 -1 18 -2
26 -1 26 -1 23 -1 26 -1 03 -1 11 -1 13 -1 17 -1 26 -2
13 -1 03 -1 26 -1 13 -1 26 -2
17 -1 18 -2
06 -1 06 -1 06 -1 23 -1 26 -1 23 -1 26 -1 23 -2
26 -1 17 -1 26 -1 09 -1 17 -1 26 -1 26 -1 26 -1 11 -1 26 -1 07 -1 26 -1 26 -1 26 -1 03 -1 07 -1 26 -1 17 -1 26 -1 17 -1 23 -1 26 -1 03 -1 07 -2
26 -1 26 -1 23 -1 26 -1 23 -1 26 -2
13 -1 09 -1 13 -1 26 -1 17 -1 13 -1 17 -1 07 -1 23 -1 26 -1 09 -1 09 -2
17 -1 23 -1 17 -1 03 -1 11 -1 13 -1 17 -1 11 -1 13 -1 17 -1 23 -1 17 -1 23 -1 17 -1 23 -1 26 -1 03 -2
09 -1 09 -1 13 -1 23 -1 26 -1 11 -1 26 -1 26 -1 26 -1 26 -1 09 -1 26 -1 26 -1 13 -2
23 -1 26 -1 13 -1 23 -1 26 -2
26 -1 26 -2
06 -1 11 -1 19 -1 19 -1 19 -1 19 -1 19 -1 19 -1 19 -1 19 -1 11 -1 11 -2
13 -1 26 -1 13 -1 17 -1 13 -1 19 -1 26 -1 09 -1 26 -1 13 -2
09 -1 26 -1 09 -2
13 -2
23 -2
13 -2
06 -1 03 -2
13 -1 23 -1 26 -1 03 -1 23 -1 13 -1 26 -2
26 -1 23 -1 06 -1 11 -1 13 -1 03 -1 26 -1 30 -1 17 -1 23 -1 26 -1 26 -1 23 -1 26 -1 17 -1 23 -1 26 -1 26 -1 23 -1 26 -1 26 -1 17 -1 06 -1 06 -1 26 -1 23 -1 26 -1 03 -2
13 -1 08 -1 08 -1 08 -1 08 -1 08 -1 08 -1 08 -1 08 -1 08 -1 08 -1 08 -1 08 -1 08 -1 08 -1 08 -1 08 -1 08 -1 08 -1 08 -1 08 -1 11 -1 08 -1 08 -1 13 -1 26 -1 11 -1 26 -1 08 -1 13 -1 08 -1 09 -1 09 -1 17 -1 03 -1 17 -1 19 -1 06 -1 06 -1 07 -1 23 -1 26 -1 07 -1 13 -1 07 -1 13 -1 07 -1 13 -1 07 -1 07 -1 13 -1 07 -1 13 -1 07 -1 13 -1 07 -1 13 -1 26 -1 03 -2
26 -1 26 -1 26 -1 26 -1 09 -1 26 -1 11 -1 26 -1 26 -1 03 -1 09 -1 26 -1 26 -1 08 -1 26 -1 08 -1 08 -1 08 -1 26 -1 08 -1 17 -1 26 -1 26 -2
13 -1 17 -1 23 -1 13 -1 23 -1 26 -1 03 -1 08 -1 08 -1 08 -1 08 -1 08 -1 08 -1 08 -1 09 -1 11 -1 08 -1 23 -2
23 -1 26 -1 17 -1 30 -2
26 -1 26 -1 17 -2
17 -1 26 -1 13 -1 03 -1 17 -1 21 -1 13 -1 23 -1 13 -1 03 -1 13 -1 17 -1 26 -2
11 -1 23 -1 26 -1 13 -1 23 -1 26 -1 13 -2
03 -1 13 -1 17 -1 09 -1 13 -1 03 -1 13 -1 17 -1 13 -1 17 -1 13 -1 23 -1 09 -1 17 -1 11 -1 17 -1 06 -1 17 -2
26 -1 23 -1 13 -1 26 -1 13 -1 23 -1 26 -1 26 -1 23 -1 11 -1 26 -1 13 -1 13 -1 23 -1 26 -1 11 -1 26 -1 23 -1 13 -1 17 -1 26 -1 17 -1 13 -1 26 -1 23 -1 26 -1 23 -1 26 -1 26 -1 23 -1 26 -1 26 -1 13 -1 17 -1 26 -1 13 -1 23 -1 26 -1 23 -1 11 -1 09 -1 26 -1 13 -1 17 -1 13 -1 23 -1 26 -1 23 -1 26 -1 23 -1 26 -1 26 -1 11 -1 23 -1 26 -1 06 -1 23 -1 26 -1 13 -1 26 -1 23 -1 26 -1 11 -1 03 -1 13 -1 23 -1 26 -2
23 -1 26 -1 26 -1 11 -2
17 -1 26 -1 19 -2
23 -1 13 -1 23 -1 26 -1 13 -1 23 -1 26 -1 23 -1 26 -1 13 -1 23 -2
11 -1 11 -1 11 -1 11 -1 11 -1 11 -1 11 -1 11 -1 11 -1 11 -1 17 -1 08 -1 08 -1 08 -1 08 -1 08 -1 08 -1 11 -1 08 -1 08 -1 08 -1 08 -1 08 -1 08 -1 08 -1 08 -1 08 -1 13 -1 11 -2
06 -1 06 -1 23 -1 10 -1 13 -1 23 -1 26 -2
23 -1 23 -1 23 -1 23 -1 26 -2
26 -1 17 -1 23 -1 26 -1 18 -1 23 -1 18 -1 26 -1 13 -1 17 -1 13 -1 17 -1 06 -1 09 -1 13 -1 26 -1 17 -1 17 -1 26 -2
26 -1 08 -1 08 -1 08 -1 08 -1 08 -1 13 -1 26 -1 03 -1 26 -1 17 -1 26 -1 26 -2
26 -1 26 -1 26 -1 26 -1 23 -1 26 -1 03 -1 17 -1 23 -1 26 -1 17 -1 23 -1 26 -1 17 -1 17 -1 17 -2
13 -1 26 -1 26 -1 17 -1 23 -1 26 -1 19 -1 26 -1 26 -1 23 -1 26 -1 13 -1 09 -1 26 -1 19 -1 11 -1 13 -1 26 -1 26 -1 09 -1 26 -1 17 -1 26 -1 09 -1 09 -1 13 -1 26 -1 13 -1 23 -1 26 -1 26 -1 26 -2
23 -1 26 -1 23 -1 26 -1 26 -1 26 -1 26 -1 13 -1 26 -1 26 -2
07 -1 26 -1 07 -1 26 -1 13 -1 07 -1 13 -1 07 -1 13 -1 07 -1 13 -1 07 -1 13 -1 07 -1 13 -1 03 -1 26 -1 23 -1 26 -1 11 -1 13 -1 26 -1 26 -1 13 -1 26 -1 08 -1 08 -1 08 -1 26 -1 13 -1 23 -1 26 -1 03 -1 26 -1 26 -2
23 -1 07 -1 19 -1 23 -1 26 -1 03 -1 23 -1 26 -1 19 -1 19 -1 11 -1 03 -1 08 -1 08 -1 26 -1 08 -1 09 -1 08 -1 08 -1 08 -1 08 -1 23 -1 09 -1 03 -1 23 -1 11 -1 23 -1 26 -1 19 -1 11 -1 03 -1 26 -1 03 -1 09 -1 09 -1 23 -1 26 -1 03 -1 07 -1 26 -1 26 -1 23 -1 26 -1 26 -1 18 -1 09 -1 26 -2
13 -1 26 -1 23 -1 26 -2
17 -1 30 -1 18 -1 13 -1 17 -1 13 -1 17 -1 23 -1 13 -1 26 -1 20 -1 23 -1 11 -1 26 -1 13 -1 17 -1 13 -1 17 -1 23 -1 26 -1 13 -1 26 -1 13 -1 26 -1 13 -1 17 -1 13 -1 13 -1 26 -1 13 -1 17 -1 26 -2
23 -1 26 -1 13 -1 17 -1 26 -1 26 -2
19 -1 26 -1 23 -1 23 -1 26 -1 26 -1 23 -1 26 -1 23 -1 26 -1 23 -1 26 -1 26 -2
18 -1 13 -1 26 -1 07 -1 13 -2
26 -1 26 -2
13 -1 13 -1 23 -1 26 -1 13 -1 23 -1 11 -1 17 -1 13 -1 23 -1 26 -1 07 -1 13 -1 19 -1 26 -1 13 -1 23 -1 26 -1 13 -2
03 -1 03 -1 26 -1 13 -1 17 -1 03 -2
23 -1 26 -1 07 -1 23 -1 26 -2
17 -1 23 -1 26 -1 13 -1 23 -1 26 -1 13 -1 11 -1 11 -1 21 -2
06 -1 03 -1 06 -1 09 -1 13 -1 06 -1 06 -1 26 -1 06 -1 03 -1 07 -2
11 -1 23 -1 26 -1 11 -2
03 -2
17 -1 23 -1 26 -1 17 -1 23 -1 26 -1 26 -1 26 -1 26 -1 26 -1 13 -1 26 -1 26 -1 26 -1 03 -1 26 -1 13 -1 26 -2
26 -1 03 -1 26 -1 17 -1 23 -1 26 -1 26 -1 23 -1 26 -1 17 -1 23 -1 26 -1 23 -1 26 -2
13 -1 09 -1 13 -1 30 -1 19 -1 26 -2
11 -2
26 -1 26 -2
13 -1 23 -1 26 -1 23 -1 26 -1 13 -1 23 -1 26 -1 03 -1 13 -1 23 -1 26 -1 13 -1 26 -1 23 -1 26 -1 23 -1 26 -1 23 -1 26 -1 13 -1 23 -1 26 -1 03 -1 03 -1 13 -1 26 -1 23 -1 26 -1 09 -1 13 -1 11 -1 26 -1 03 -1 03 -1 03 -1 06 -1 11 -1 26 -1 23 -1 26 -1 26 -1 16 -2
26 -1 26 -2
19 -1 09 -1 13 -1 11 -1 17 -1 13 -1 17 -1 06 -1 06 -1 06 -1 07 -1 13 -1 26 -1 06 -1 06 -1 23 -1 26 -1 17 -1 26 -1 09 -2
23 -2
06 -1 06 -1 06 -2
13 -1 13 -1 23 -1 26 -1 03 -1 07 -1 09 -1 09 -1 26 -1 23 -1 26 -1 11 -1 13 -1 26 -2
13 -1 13 -1 26 -1 03 -1 07 -1 09 -2
06 -1 09 -1 11 -1 13 -1 30 -1 13 -1 26 -1 13 -1 03 -1 07 -1 26 -1 11 -1 13 -1 13 -1 23 -1 26 -1 11 -1 26 -1 13 -1 26 -1 07 -1 08 -1 08 -1 08 -1 23 -1 08 -1 08 -1 08 -1 08 -1 08 -1 08 -1 08 -1 26 -1 08 -1 08 -1 08 -1 08 -1 08 -1 08 -1 08 -1 08 -1 08 -1 08 -1 08 -1 26 -1 13 -1 23 -1 26 -2
13 -1 23 -1 26 -2
09 -1 19 -1 26 -1 09 -1 17 -1 17 -1 23 -1 08 -1 11 -1 08 -1 08 -1 17 -1 26 -1 03 -1 07 -2
03 -1 13 -1 26 -1 26 -1 26 -1 03 -1 13 -1 26 -1 26 -1 26 -2
13 -1 26 -1 13 -1 26 -1 13 -1 03 -1 13 -2
03 -1 07 -1 13 -1 13 -1 26 -1 13 -1 23 -1 26 -2
03 -1 09 -2
23 -1 26 -1 13 -1 26 -1 03 -1 07 -1 13 -1 23 -1 17 -1 13 -1 17 -1 13 -1 17 -1 23 -1 26 -1 27 -1 11 -1 13 -1 17 -1 17 -1 23 -1 13 -1 17 -1 06 -1 26 -1 07 -1 19 -2
09 -2
13 -1 23 -1 13 -1 23 -1 13 -1 13 -1 23 -1 23 -2
26 -1 26 -1 23 -1 26 -1 13 -1 23 -1 26 -1 19 -1 19 -1 26 -1 03 -1 23 -1 03 -1 06 -1 23 -1 26 -1 23 -1 26 -1 23 -1 26 -1 23 -1 26 -1 23 -1 26 -1 06 -1 06 -1 23 -1 26 -1 23 -1 26 -1 09 -1 23 -1 26 -2
13 -1 23 -1 26 -1 23 -1 26 -1 26 -1 13 -1 26 -1 23 -1 26 -1 03 -2
07 -1 13 -1 23 -1 07 -1 13 -1 13 -1 26 -1 19 -1 09 -2
08 -1 23 -1 26 -1 08 -1 13 -1 23 -1 26 -1 08 -1 26 -1 26 -1 26 -1 26 -1 13 -1 17 -1 23 -1 26 -1 13 -1 23 -1 26 -1 26 -1 03 -1 13 -1 26 -1 26 -1 03 -1 03 -1 13 -1 23 -1 26 -2
08 -1 17 -1 08 -1 08 -1 08 -1 13 -1 08 -1 08 -1 08 -1 08 -1 08 -1 08 -1 08 -1 08 -1 08 -1 08 -1 08 -1 08 -1 08 -1 08 -1 08 -1 08 -1 08 -1 08 -1 08 -1 08 -1 08 -1 23 -1 13 -1 17 -1 17 -1 06 -1 11 -1 13 -1 17 -2
13 -1 23 -1 11 -1 23 -1 26 -1 03 -1 07 -1 11 -1 17 -2
09 -1 13 -1 30 -1 06 -1 07 -1 23 -1 26 -1 09 -1 13 -1 17 -2
23 -1 26 -1 23 -1 26 -1 17 -1 23 -1 17 -1 03 -1 23 -1 26 -1 17 -1 17 -1 23 -1 26 -1 06 -1 07 -1 13 -1 07 -1 13 -1 07 -1 13 -1 07 -1 13 -1 23 -1 26 -1 07 -1 13 -1 07 -1 13 -1 07 -1 13 -1 03 -1 23 -1 26 -1 26 -1 26 -1 26 -1 17 -1 23 -1 26 -1 17 -1 23 -1 26 -1 17 -1 26 -1 26 -1 23 -1 26 -2
26 -1 06 -1 03 -1 07 -1 09 -1 13 -1 17 -1 13 -1 17 -1 13 -1 17 -1 13 -1 17 -1 26 -2
08 -1 08 -1 23 -1 08 -1 08 -1 08 -1 08 -1 08 -1 08 -1 23 -1 08 -1 08 -1 08 -1 08 -1 13 -1 23 -1 26 -1 08 -1 23 -1 08 -1 08 -1 08 -1 08 -1 08 -1 17 -1 23 -1 26 -1 08 -1 08 -1 08 -1 08 -1 08 -1 09 -1 08 -1 08 -1 08 -1 23 -1 26 -1 08 -1 08 -1 08 -1 08 -1 08 -1 03 -1 07 -1 17 -1 23 -1 26 -1 26 -1 23 -1 26 -1 13 -1 23 -1 23 -1 26 -1 17 -1 23 -1 26 -1 23 -1 26 -1 11 -1 13 -1 17 -1 23 -1 26 -1 17 -1 23 -1 26 -2
26 -1 13 -1 17 -1 26 -1 23 -1 26 -1 17 -1 08 -1 08 -1 08 -1 08 -1 08 -1 08 -2
07 -1 26 -1 07 -1 13 -1 17 -1 13 -1 17 -1 26 -1 13 -1 17 -1 23 -1 26 -1 13 -1 17 -1 26 -1 13 -1 17 -2
13 -1 26 -1 13 -2
26 -1 11 -1 11 -2
13 -1 16 -1 13 -1 16 -1 23 -1 26 -2
03 -1 13 -1 17 -1 23 -1 13 -1 03 -1 07 -1 13 -1 17 -1 23 -1 19 -1 13 -1 23 -1 03 -1 09 -1 13 -1 17 -1 13 -1 03 -1 07 -1 13 -1 03 -1 07 -1 09 -1 13 -1 18 -1 03 -1 07 -1 18 -1 13 -1 03 -1 07 -1 18 -1 06 -1 19 -1 23 -1 19 -1 18 -1 23 -1 09 -1 19 -1 13 -1 19 -1 23 -1 23 -1 23 -1 19 -1 08 -1 08 -1 08 -1 23 -1 13 -1 23 -1 08 -2
26 -1 26 -1 26 -2
26 -1 17 -1 13 -1 17 -1 17 -1 23 -1 26 -2
26 -1 26 -1 11 -1 06 -1 26 -1 06 -1 13 -1 23 -1 03 -1 07 -1 26 -2
09 -1 26 -1 26 -1 13 -1 26 -1 17 -1 23 -1 26 -1 17 -1 26 -1 13 -1 23 -1 26 -1 03 -1 09 -1 11 -1 13 -1 13 -1 26 -1 13 -1 09 -1 13 -1 26 -1 26 -1 03 -1 13 -1 17 -1 26 -1 26 -1 26 -1 13 -1 23 -1 26 -1 26 -1 26 -1 26 -1 26 -1 13 -1 17 -1 26 -1 26 -1 26 -2
03 -1 11 -1 03 -1 13 -1 23 -1 26 -1 23 -1 26 -1 13 -1 23 -1 26 -1 26 -1 23 -1 26 -1 09 -1 23 -1 26 -1 23 -1 26 -1 09 -1 26 -1 26 -1 23 -1 26 -1 13 -2
07 -1 09 -1 23 -1 19 -1 19 -1 09 -1 13 -1 09 -2
06 -1 06 -1 29 -1 23 -2
26 -1 07 -1 13 -1 23 -1 26 -1 13 -1 07 -1 23 -1 26 -1 23 -1 23 -1 26 -1 07 -1 23 -1 26 -1 23 -1 26 -1 17 -1 13 -1 23 -1 26 -1 26 -1 13 -1 23 -1 26 -1 23 -1 26 -1 13 -1 13 -1 26 -1 23 -1 26 -1 23 -1 26 -1 26 -1 10 -1 23 -1 26 -2
19 -1 11 -1 26 -1 19 -1 26 -1 26 -1 19 -1 19 -1 13 -1 19 -1 26 -1 09 -2
17 -1 26 -2
13 -2
26 -1 13 -1 26 -1 03 -1 07 -1 26 -1 26 -1 26 -1 26 -1 13 -1 26 -1 26 -1 13 -1 17 -1 11 -1 17 -1 21 -1 26 -1 26 -1 26 -1 13 -1 26 -1 26 -2
22 -1 13 -1 26 -1 13 -1 23 -1 26 -1 22 -1 11 -1 13 -1 23 -1 26 -1 13 -1 26 -1 13 -1 17 -1 26 -1 22 -1 13 -1 26 -1 23 -1 26 -1 13 -1 26 -1 13 -1 23 -1 26 -1 13 -1 26 -1 13 -1 26 -2
19 -1 19 -1 19 -2
11 -2
23 -1 26 -1 26 -1 26 -1 26 -1 26 -2
09 -1 13 -1 03 -1 13 -1 26 -1 03 -1 26 -1 13 -1 03 -1 13 -1 06 -1 26 -1 11 -1 03 -1 13 -1 23 -1 26 -1 26 -2
13 -1 23 -1 26 -1 13 -1 09 -1 13 -1 19 -1 23 -1 26 -2
13 -1 17 -1 26 -1 26 -2
13 -1 13 -1 13 -1 23 -1 23 -1 13 -1 23 -1 11 -1 13 -2
13 -2
11 -2
26 -1 11 -1 13 -1 17 -1 18 -1 23 -2
23 -1 26 -1 07 -1 17 -1 07 -1 17 -1 07 -1 17 -1 26 -1 23 -1 26 -1 23 -1 26 -1 23 -1 26 -2
19 -1 19 -1 19 -1 19 -1 19 -1 19 -1 19 -1 23 -1 26 -1 19 -1 23 -1 26 -1 19 -1 19 -1 13 -1 23 -1 19 -1 23 -1 13 -1 23 -1 26 -1 19 -1 23 -1 23 -2
13 -1 26 -1 03 -1 06 -1 06 -1 26 -1 26 -1 13 -1 17 -1 13 -1 17 -1 06 -1 13 -1 26 -1 26 -2
23 -1 26 -2
23 -1 26 -1 03 -1 13 -1 23 -1 26 -1 23 -1 23 -1 17 -1 19 -1 23 -1 09 -1 13 -1 17 -1 23 -1 23 -1 23 -1 23 -1 17 -1 18 -2
23 -1 26 -1 26 -1 26 -1 23 -1 26 -1 23 -1 26 -2
19 -1 26 -1 26 -1 26 -1 19 -1 11 -1 06 -1 19 -1 26 -1 06 -1 19 -1 13 -1 17 -1 26 -1 06 -1 06 -2
13 -1 26 -1 13 -1 19 -1 23 -1 26 -1 13 -1 23 -1 26 -1 03 -1 26 -1 13 -1 23 -1 26 -2
13 -1 26 -1 26 -1 26 -1 13 -1 26 -1 03 -1 07 -1 07 -1 26 -1 26 -1 26 -1 13 -1 17 -1 26 -1 03 -1 07 -1 13 -1 26 -1 26 -1 26 -2
19 -1 26 -1 26 -1 26 -1 26 -1 26 -1 26 -1 13 -2
13 -2
26 -1 26 -1 30 -1 17 -1 23 -1 26 -1 13 -1 17 -1 23 -1 26 -1 11 -1 13 -1 23 -1 26 -1 23 -1 26 -1 11 -1 13 -2
08 -1 26 -1 26 -1 08 -1 08 -1 08 -1 13 -1 26 -1 08 -1 08 -1 08 -1 08 -1 26 -1 08 -1 07 -1 08 -1 08 -1 08 -1 26 -1 08 -1 08 -1 13 -1 09 -1 08 -1 08 -1 08 -1 26 -1 08 -1 08 -1 08 -1 08 -1 26 -1 08 -1 08 -1 08 -1 03 -1 11 -1 26 -1 13 -1 26 -1 08 -1 08 -1 08 -1 08 -1 13 -1 17 -1 23 -1 26 -1 08 -1 13 -1 23 -1 03 -1 13 -1 26 -1 26 -1 17 -1 26 -1 03 -1 13 -1 26 -2
03 -1 13 -1 23 -1 26 -1 26 -1 23 -1 26 -1 09 -1 26 -1 03 -1 09 -2
23 -1 23 -2
26 -1 26 -1 19 -1 23 -1 26 -1 23 -1 26 -1 23 -1 26 -1 26 -1 08 -1 08 -1 08 -2
06 -1 07 -1 23 -2
26 -1 09 -2
19 -1 26 -1 07 -1 13 -1 19 -1 23 -1 26 -1 26 -1 23 -1 11 -1 26 -1 13 -1 26 -2
13 -1 23 -1 26 -2
15 -1 17 -1 15 -1 17 -1 23 -1 26 -2
26 -1 06 -1 06 -1 06 -1 23 -1 26 -1 06 -2
07 -1 23 -1 26 -1 13 -1 17 -1 06 -1 23 -1 07 -1 13 -1 17 -1 26 -1 07 -1 13 -1 26 -1 07 -1 13 -1 26 -1 07 -1 13 -1 07 -1 13 -1 07 -1 13 -1 07 -1 13 -1 17 -1 26 -1 07 -1 13 -1 07 -1 13 -1 07 -1 13 -1 06 -1 07 -1 13 -1 17 -1 26 -1 26 -1 06 -1 06 -1 06 -1 06 -1 07 -1 13 -1 07 -1 13 -1 17 -1 07 -1 13 -1 07 -1 13 -1 07 -1 13 -1 07 -1 13 -1 07 -1 13 -1 07 -1 13 -1 07 -1 13 -1 07 -1 13 -1 07 -1 07 -1 13 -1 17 -1 07 -1 13 -1 07 -1 13 -1 07 -1 13 -1 07 -1 07 -1 13 -1 07 -1 13 -1 07 -1 13 -1 07 -2
23 -1 19 -1 23 -1 26 -1 26 -1 15 -1 17 -1 23 -1 26 -1 26 -1 26 -1 15 -1 17 -1 26 -1 13 -1 17 -1 19 -1 26 -1 23 -1 26 -1 23 -1 26 -1 26 -1 19 -1 23 -1 26 -1 03 -1 07 -1 07 -1 23 -1 26 -1 23 -1 26 -2
03 -1 26 -1 03 -1 07 -1 26 -1 17 -1 26 -1 13 -1 17 -1 26 -2
26 -2
21 -1 13 -1 26 -1 21 -1 13 -1 03 -1 09 -1 11 -1 13 -1 17 -1 23 -1 06 -1 11 -1 13 -1 17 -1 23 -1 13 -1 09 -1 03 -1 13 -1 17 -1 13 -1 17 -1 23 -1 06 -1 06 -1 06 -1 13 -1 17 -1 26 -1 06 -1 13 -1 17 -1 13 -1 23 -1 26 -2
07 -2
23 -1 23 -1 23 -1 23 -1 32 -1 32 -1 06 -1 06 -1 06 -1 06 -1 06 -1 23 -1 23 -1 13 -1 17 -1 23 -1 23 -1 06 -2
23 -1 23 -1 26 -1 11 -1 11 -1 23 -1 26 -1 23 -1 26 -2
06 -1 06 -1 06 -2
23 -1 26 -1 26 -1 23 -1 26 -1 13 -1 23 -1 26 -1 26 -1 13 -1 23 -1 26 -1 23 -1 26 -1 13 -1 26 -1 23 -1 13 -1 23 -1 26 -1 26 -1 26 -1 26 -1 26 -1 26 -2
23 -1 19 -1 23 -1 26 -1 19 -1 13 -1 23 -1 26 -1 26 -1 23 -1 19 -1 06 -1 19 -1 06 -1 06 -1 23 -1 19 -1 19 -1 19 -1 23 -1 19 -1 23 -1 26 -1 11 -1 19 -1 23 -1 26 -1 23 -1 26 -1 23 -1 23 -1 26 -1 03 -1 23 -1 26 -1 11 -1 03 -1 26 -2
26 -2
03 -1 03 -1 06 -1 06 -1 26 -1 03 -1 26 -1 03 -1 03 -1 03 -1 26 -1 03 -1 06 -1 06 -1 26 -1 26 -1 03 -1 07 -1 13 -1 07 -1 26 -1 26 -1 19 -1 26 -1 23 -1 26 -1 26 -1 26 -1 23 -1 26 -1 23 -1 26 -1 26 -1 09 -1 26 -1 26 -2
18 -1 09 -1 03 -1 09 -1 17 -1 13 -1 11 -2
08 -1 08 -1 08 -1 09 -1 13 -1 19 -1 08 -1 26 -1 08 -1 09 -1 08 -1 17 -1 26 -1 08 -1 11 -1 17 -1 08 -1 08 -1 08 -1 08 -1 26 -1 08 -1 08 -1 08 -1 08 -1 08 -1 08 -1 08 -1 17 -1 08 -1 13 -1 26 -1 09 -1 08 -1 08 -1 13 -1 08 -1 08 -1 08 -1 23 -1 26 -1 03 -1 07 -1 13 -1 26 -1 13 -1 26 -1 03 -1 07 -1 13 -1 11 -1 13 -1 17 -1 26 -1 13 -1 26 -1 23 -1 26 -2
23 -1 26 -2
13 -1 23 -1 26 -1 03 -1 07 -1 09 -1 13 -1 23 -1 17 -1 23 -1 26 -1 23 -1 26 -1 23 -1 26 -1 13 -1 23 -1 26 -1 13 -1 26 -1 17 -1 23 -1 26 -1 17 -1 23 -1 26 -1 17 -1 19 -1 17 -1 23 -1 26 -2
26 -1 13 -1 26 -1 11 -1 26 -1 26 -1 26 -1 26 -1 17 -1 23 -1 26 -1 26 -1 26 -1 07 -1 26 -1 26 -2
11 -1 13 -2
11 -1 11 -1 11 -1 11 -1 26 -1 26 -1 09 -1 26 -1 09 -1 13 -1 26 -1 13 -1 17 -1 03 -1 07 -1 13 -1 26 -2
26 -1 13 -1 26 -1 26 -1 13 -1 26 -1 26 -1 13 -1 26 -1 13 -1 23 -1 26 -1 13 -1 26 -1 03 -1 07 -1 13 -1 23 -1 26 -1 26 -1 09 -1 13 -1 13 -1 17 -1 23 -1 13 -1 26 -1 03 -1 07 -1 13 -1 17 -1 23 -1 26 -1 23 -1 13 -1 23 -1 26 -2
09 -2
17 -1 13 -1 17 -1 11 -2
23 -1 26 -2
09 -1 11 -1 13 -1 23 -1 26 -2
13 -2
26 -1 17 -1 26 -1 26 -1 17 -1 26 -2
13 -1 23 -1 26 -2
19 -1 11 -1 17 -1 18 -1 26 -1 19 -1 19 -1 19 -1 19 -1 09 -2
13 -1 17 -1 03 -1 07 -1 06 -1 19 -1 06 -1 07 -1 19 -1 26 -1 07 -1 13 -1 17 -1 07 -1 13 -1 07 -1 13 -1 03 -1 07 -1 13 -1 07 -1 13 -1 26 -1 07 -1 13 -1 07 -1 13 -1 07 -1 13 -1 07 -1 13 -1 07 -1 13 -1 03 -1 07 -1 13 -1 07 -1 13 -1 07 -1 13 -1 07 -1 13 -1 07 -1 13 -1 07 -1 13 -1 07 -1 13 -1 07 -1 13 -1 07 -1 13 -1 07 -1 11 -1 07 -1 13 -1 07 -1 13 -1 07 -1 13 -1 07 -1 13 -1 07 -1 13 -1 07 -1 13 -1 26 -1 17 -1 13 -1 17 -1 13 -1 23 -1 26 -1 23 -1 13 -1 23 -1 26 -1 17 -2
13 -1 06 -1 11 -1 14 -1 26 -2
23 -1 26 -1 26 -1 26 -1 13 -1 19 -1 23 -1 26 -1 23 -1 26 -1 23 -1 26 -1 03 -1 23 -1 26 -1 13 -1 23 -1 26 -1 26 -1 09 -1 26 -1 23 -2
26 -1 13 -1 23 -1 03 -1 07 -1 13 -1 23 -1 26 -1 08 -1 08 -1 08 -1 09 -1 13 -1 08 -1 08 -1 08 -1 08 -1 08 -1 08 -1 08 -1 26 -1 13 -1 26 -1 03 -1 07 -1 13 -1 26 -2
23 -1 13 -1 26 -2
23 -1 26 -2
17 -1 26 -1 26 -1 17 -1 26 -1 26 -1 26 -1 17 -1 23 -1 26 -1 09 -1 10 -1 13 -1 26 -1 03 -1 26 -1 17 -1 23 -1 26 -2
26 -1 11 -1 26 -1 26 -1 13 -1 24 -1 26 -1 03 -1 26 -1 11 -1 26 -1 23 -1 26 -1 09 -1 23 -1 26 -1 03 -1 23 -1 26 -1 23 -1 26 -1 26 -1 13 -2
07 -1 17 -1 23 -1 11 -1 13 -1 17 -1 03 -1 03 -1 19 -1 03 -2
23 -1 26 -1 26 -1 13 -1 17 -1 11 -1 13 -1 17 -1 23 -1 19 -1 06 -1 07 -1 23 -1 26 -1 07 -1 13 -1 07 -1 13 -1 07 -1 13 -1 07 -1 13 -1 07 -1 13 -1 07 -1 13 -1 07 -1 13 -1 13 -1 17 -1 03 -2
13 -1 23 -1 07 -1 13 -1 26 -1 07 -1 13 -1 07 -1 13 -1 07 -1 13 -1 07 -1 13 -1 17 -1 26 -1 07 -1 13 -1 07 -1 13 -1 07 -1 13 -1 07 -1 13 -1 07 -1 13 -1 07 -1 13 -1 07 -1 13 -1 07 -1 13 -1 07 -1 13 -1 07 -1 13 -1 07 -1 13 -1 07 -1 13 -1 07 -1 13 -1 07 -1 13 -1 07 -1 13 -1 07 -1 13 -1 07 -1 13 -1 07 -1 13 -1 07 -1 13 -1 07 -1 13 -1 13 -1 17 -1 07 -1 13 -1 07 -2
26 -1 03 -1 26 -2
13 -1 16 -1 13 -1 26 -1 13 -2
26 -1 13 -2
17 -1 13 -2
13 -1 17 -2
23 -1 13 -1 17 -1 13 -1 23 -1 23 -1 23 -1 26 -1 19 -1 03 -1 07 -1 11 -1 23 -1 23 -1 23 -2
26 -2
13 -1 23 -1 26 -1 13 -1 23 -1 26 -1 18 -2
26 -1 03 -1 26 -1 06 -1 07 -1 23 -1 26 -2
26 -1 26 -1 26 -1 13 -1 17 -1 26 -1 03 -1 07 -1 26 -1 26 -1 11 -1 27 -1 26 -1 26 -1 26 -1 13 -1 13 -1 26 -1 03 -1 26 -1 13 -1 26 -1 23 -1 26 -1 26 -2
26 -1 13 -1 26 -1 13 -1 26 -1 13 -1 26 -1 13 -1 26 -1 13 -1 26 -1 13 -1 26 -1 26 -1 13 -1 26 -1 26 -1 06 -1 19 -1 19 -1 13 -1 19 -1 26 -2
23 -1 26 -1 23 -1 26 -2
23 -1 26 -2
17 -1 23 -1 26 -1 18 -1 13 -1 23 -1 26 -1 03 -1 07 -1 18 -1 23 -1 26 -2
07 -1 19 -1 23 -1 26 -1 09 -1 07 -1 13 -1 26 -1 19 -1 13 -1 13 -2
23 -2
17 -1 13 -1 03 -2
13 -1 26 -2
23 -1 26 -1 03 -1 13 -1 17 -1 30 -1 23 -1 26 -1 23 -1 26 -1 19 -1 23 -1 26 -1 23 -1 19 -1 23 -1 26 -2
17 -1 26 -1 17 -1 23 -1 26 -1 17 -1 26 -1 17 -1 23 -1 26 -1 20 -1 20 -1 20 -2
19 -1 23 -1 26 -1 06 -1 23 -1 23 -1 26 -1 22 -1 06 -1 06 -1 07 -1 13 -1 07 -1 13 -1 07 -1 13 -1 07 -1 13 -1 22 -1 23 -2
26 -2
13 -2
19 -1 26 -1 18 -2
26 -1 26 -2
18 -1 09 -1 23 -1 23 -1 23 -2
13 -1 23 -1 26 -1 13 -1 23 -1 26 -1 23 -1 26 -1 23 -1 26 -2
13 -1 26 -1 23 -1 26 -1 03 -1 07 -1 13 -1 26 -2
13 -2
19 -1 26 -1 19 -1 26 -1 03 -1 07 -1 23 -1 26 -1 26 -1 19 -1 26 -1 11 -1 19 -1 26 -1 26 -1 19 -1 26 -1 19 -1 26 -1 11 -1 19 -1 26 -1 13 -1 23 -1 26 -2
08 -1 08 -1 08 -1 08 -1 08 -1 08 -1 08 -1 08 -1 08 -1 08 -1 08 -1 08 -2
08 -1 08 -1 08 -1 08 -1 08 -1 08 -1 08 -1 08 -1 08 -1 08 -1 08 -1 08 -1 08 -1 23 -1 08 -1 03 -1 08 -1 08 -1 08 -1 08 -1 08 -1 08 -1 08 -1 08 -1 08 -1 08 -1 08 -1 08 -1 08 -1 08 -1 23 -1 13 -1 13 -1 23 -1 26 -1 23 -1 23 -1 26 -1 26 -1 26 -2
03 -1 11 -1 13 -1 17 -1 23 -1 26 -1 26 -1 13 -1 23 -1 26 -2
26 -1 19 -1 26 -1 26 -1 06 -1 06 -1 26 -1 19 -1 26 -1 26 -2
13 -1 23 -1 26 -1 23 -1 26 -1 23 -1 26 -2
26 -1 13 -1 26 -1 03 -1 26 -1 03 -1 07 -1 26 -2
26 -1 26 -1 26 -1 26 -1 26 -1 26 -1 26 -1 03 -1 07 -1 13 -1 26 -1 26 -1 26 -1 26 -2
13 -1 20 -1 20 -1 13 -1 30 -1 26 -1 20 -1 20 -1 20 -1 20 -1 20 -1 20 -1 20 -1 20 -1 20 -1 20 -1 20 -1 06 -1 17 -1 26 -2
17 -2
17 -1 17 -2
13 -1 09 -1 13 -1 11 -1 13 -1 26 -1 11 -1 11 -1 06 -1 11 -1 13 -1 17 -1 13 -2
03 -1 26 -1 26 -1 13 -1 23 -1 26 -1 17 -1 13 -1 23 -1 26 -2
26 -1 26 -1 26 -1 26 -1 23 -1 26 -1 26 -1 26 -1 26 -1 13 -1 06 -1 13 -1 23 -1 26 -1 17 -1 26 -1 13 -1 23 -1 26 -1 26 -1 23 -1 26 -1 26 -1 26 -2
26 -1 13 -1 26 -1 26 -1 13 -1 26 -1 26 -1 26 -1 13 -1 26 -1 13 -1 26 -2
08 -1 08 -1 08 -1 26 -1 08 -1 08 -1 08 -1 08 -1 08 -1 08 -1 08 -2
11 -2
23 -2
18 -1 23 -1 13 -1 24 -1 23 -1 24 -1 13 -1 23 -1 09 -1 13 -1 23 -1 13 -1 24 -1 24 -1 13 -1 23 -1 26 -1 23 -1 26 -1 13 -1 23 -1 18 -1 23 -1 23 -1 03 -1 11 -1 13 -1 23 -1 13 -1 11 -1 09 -1 23 -1 13 -1 17 -1 13 -1 23 -1 26 -2
13 -1 03 -1 11 -1 13 -1 03 -1 07 -1 26 -1 13 -1 17 -1 17 -1 13 -1 23 -2
03 -1 13 -1 23 -1 26 -1 03 -1 13 -1 23 -1 26 -1 13 -1 19 -1 09 -1 11 -1 13 -1 03 -1 23 -1 26 -1 13 -1 23 -1 26 -1 19 -1 13 -1 26 -1 11 -1 11 -1 11 -1 13 -1 23 -1 26 -1 26 -1 19 -1 13 -1 17 -1 13 -1 23 -1 26 -1 11 -1 11 -1 11 -1 13 -1 17 -1 11 -1 19 -1 26 -1 13 -1 23 -1 26 -1 03 -1 09 -2
20 -1 20 -1 20 -1 20 -1 20 -1 20 -1 20 -1 20 -1 20 -1 20 -1 20 -1 20 -1 20 -1 20 -1 20 -1 20 -1 20 -1 20 -1 20 -1 20 -1 11 -1 17 -1 23 -1 26 -1 20 -1 17 -1 23 -1 26 -1 20 -1 20 -1 20 -1 20 -1 03 -1 07 -1 20 -1 20 -1 20 -1 20 -1 20 -1 20 -1 20 -1 20 -1 20 -1 20 -1 20 -2
11 -1 12 -1 13 -1 11 -1 13 -2
23 -1 26 -1 19 -1 06 -1 03 -1 23 -1 26 -1 23 -1 26 -1 23 -1 26 -1 21 -1 23 -1 26 -1 19 -1 23 -1 26 -1 21 -1 13 -1 17 -1 21 -1 23 -1 26 -1 23 -1 26 -1 23 -1 26 -1 03 -1 23 -1 26 -1 26 -1 26 -1 23 -1 26 -1 19 -2
26 -1 11 -1 13 -1 23 -1 26 -1 09 -1 26 -1 08 -1 08 -1 08 -1 08 -1 08 -1 08 -1 08 -1 08 -1 08 -1 08 -1 19 -1 23 -1 26 -1 26 -1 09 -1 26 -1 09 -1 23 -1 26 -1 08 -1 08 -1 08 -1 08 -1 08 -1 08 -1 08 -1 26 -2
13 -1 30 -1 09 -1 17 -1 13 -1 17 -1 17 -1 06 -1 07 -1 19 -1 23 -1 26 -1 07 -1 26 -1 07 -1 13 -1 07 -1 13 -1 07 -1 13 -1 13 -1 17 -2
06 -2
26 -1 08 -1 18 -1 23 -1 26 -1 08 -1 03 -1 08 -1 08 -1 08 -1 08 -1 13 -1 23 -1 08 -1 26 -1 08 -1 03 -1 08 -1 08 -1 23 -1 08 -1 26 -1 08 -1 03 -1 13 -1 23 -1 26 -1 03 -1 26 -1 23 -1 03 -1 26 -1 03 -1 03 -1 13 -1 03 -1 11 -1 17 -1 11 -2
17 -1 03 -1 23 -2
13 -1 23 -1 13 -1 13 -1 13 -1 13 -1 23 -1 13 -1 23 -1 13 -1 11 -1 13 -1 13 -1 23 -1 13 -1 11 -1 23 -1 23 -1 23 -1 23 -1 17 -1 23 -2
08 -1 08 -1 08 -1 08 -1 08 -1 08 -1 08 -1 13 -1 23 -1 26 -1 17 -1 13 -2
13 -1 23 -1 26 -1 03 -1 07 -1 13 -1 23 -2
17 -1 26 -1 03 -1 18 -1 26 -1 26 -1 26 -1 18 -1 26 -1 11 -1 23 -1 26 -1 18 -2
26 -1 08 -1 26 -1 08 -1 13 -1 13 -1 23 -1 26 -1 08 -1 08 -1 08 -1 26 -1 08 -1 13 -1 23 -1 26 -1 13 -1 08 -1 08 -1 11 -1 26 -1 08 -1 08 -1 11 -1 08 -1 08 -1 13 -1 23 -1 08 -1 07 -1 26 -1 08 -1 08 -1 08 -1 08 -1 08 -1 08 -1 08 -1 08 -1 08 -1 08 -1 08 -1 08 -1 08 -1 26 -1 08 -1 13 -1 23 -1 26 -1 08 -1 13 -1 23 -1 26 -1 08 -1 08 -1 08 -1 13 -1 23 -1 26 -1 08 -1 08 -1 08 -1 13 -1 26 -1 08 -1 08 -1 08 -1 08 -1 08 -1 08 -1 13 -1 23 -1 26 -1 08 -1 08 -1 08 -1 13 -1 08 -1 08 -1 11 -1 08 -1 11 -1 13 -1 23 -1 26 -1 13 -1 23 -1 26 -1 03 -1 13 -1 23 -1 26 -1 09 -1 13 -1 23 -1 26 -1 09 -1 08 -1 18 -1 09 -1 13 -1 08 -1 08 -1 08 -2
13 -1 17 -1 26 -1 26 -1 06 -1 06 -1 23 -1 26 -1 13 -1 13 -1 17 -1 13 -1 23 -1 23 -2
26 -2
11 -1 13 -1 17 -1 23 -1 26 -1 03 -1 23 -1 03 -1 03 -1 03 -1 26 -1 17 -2
26 -1 26 -1 03 -1 26 -1 26 -1 26 -1 26 -2
17 -2
23 -1 26 -1 26 -1 17 -1 23 -1 26 -1 26 -1 17 -1 23 -1 26 -1 23 -1 24 -1 26 -1 26 -1 26 -1 17 -1 26 -1 03 -1 07 -1 03 -1 09 -1 09 -1 19 -1 23 -1 26 -1 07 -1 13 -1 07 -1 13 -1 03 -1 19 -1 26 -1 06 -1 11 -1 23 -1 03 -1 07 -1 13 -1 07 -1 13 -1 07 -1 13 -1 07 -1 13 -1 03 -1 07 -1 07 -1 13 -1 07 -1 13 -1 03 -1 07 -1 07 -1 13 -1 07 -1 13 -1 07 -1 13 -1 07 -1 07 -1 13 -1 07 -1 13 -1 03 -1 07 -1 23 -1 07 -1 13 -1 07 -1 13 -1 07 -1 13 -1 07 -1 13 -1 26 -1 06 -1 06 -1 03 -1 19 -1 03 -1 26 -1 26 -1 06 -1 06 -1 06 -1 26 -2
13 -1 23 -1 13 -1 22 -1 23 -1 23 -1 13 -1 23 -1 23 -1 23 -1 23 -1 23 -1 23 -1 23 -1 23 -1 13 -1 23 -2
23 -1 23 -1 26 -1 26 -1 03 -1 07 -1 13 -1 07 -1 13 -1 07 -1 13 -1 03 -1 07 -1 13 -1 07 -1 13 -1 07 -1 13 -1 07 -1 09 -1 13 -1 07 -1 13 -1 07 -1 13 -1 07 -1 13 -1 07 -1 13 -1 07 -1 13 -1 03 -1 07 -1 13 -1 07 -1 13 -1 07 -1 13 -1 26 -1 07 -1 13 -1 03 -1 07 -1 13 -1 07 -1 13 -1 07 -1 13 -1 07 -1 13 -1 07 -1 13 -1 19 -1 09 -2
13 -1 08 -1 23 -1 26 -1 08 -1 08 -1 23 -1 26 -1 13 -1 23 -1 26 -1 23 -1 26 -1 23 -1 26 -1 13 -1 23 -1 26 -1 27 -1 13 -1 23 -1 26 -1 03 -1 07 -1 23 -1 26 -1 23 -1 26 -1 23 -1 26 -1 13 -1 23 -1 26 -2
03 -1 09 -1 13 -1 23 -1 26 -1 23 -1 26 -1 03 -1 26 -1 23 -1 26 -1 13 -1 26 -1 03 -1 23 -1 26 -2
17 -1 23 -1 26 -1 17 -1 23 -1 26 -2
13 -1 09 -1 11 -1 19 -1 26 -1 13 -1 23 -1 26 -1 09 -1 13 -1 30 -1 09 -1 13 -1 26 -1 30 -1 18 -1 18 -1 06 -1 13 -1 17 -1 13 -1 17 -1 06 -1 19 -1 26 -1 06 -1 13 -1 17 -1 13 -1 23 -1 13 -1 06 -1 03 -1 07 -1 13 -1 06 -1 03 -1 26 -2
26 -1 23 -1 03 -1 07 -1 03 -1 26 -1 17 -1 03 -1 26 -2
13 -1 17 -1 23 -1 26 -1 26 -1 13 -1 13 -1 09 -1 13 -1 17 -1 08 -1 08 -1 08 -1 08 -1 11 -1 13 -1 09 -1 23 -1 26 -1 03 -1 13 -1 17 -1 03 -1 13 -1 17 -1 23 -1 26 -1 13 -1 17 -2
26 -1 23 -1 26 -1 26 -1 26 -1 23 -1 26 -1 23 -1 26 -1 26 -1 26 -1 23 -1 26 -1 06 -1 06 -1 06 -1 23 -1 26 -1 23 -1 23 -1 26 -1 23 -1 23 -1 26 -1 23 -1 23 -1 26 -2
23 -1 26 -1 23 -1 26 -1 26 -1 23 -1 26 -1 23 -1 26 -1 07 -1 26 -2
23 -1 26 -2
18 -1 26 -1 26 -1 06 -1 06 -1 26 -1 18 -1 07 -1 26 -1 26 -1 07 -1 26 -1 26 -1 06 -1 06 -1 23 -1 26 -1 06 -2
18 -1 08 -1 08 -1 06 -1 13 -1 06 -1 07 -1 23 -1 26 -1 17 -1 13 -1 26 -1 26 -1 19 -1 26 -1 26 -1 09 -2
13 -1 17 -1 03 -1 11 -1 06 -1 06 -1 07 -1 26 -1 23 -1 26 -1 03 -1 07 -1 26 -1 03 -2
13 -1 26 -1 26 -1 13 -1 26 -2
17 -1 13 -1 17 -1 23 -1 26 -1 13 -1 17 -1 15 -1 17 -1 26 -1 06 -1 11 -1 17 -1 26 -1 17 -1 23 -1 09 -2
19 -1 23 -1 26 -1 23 -1 11 -2
09 -1 26 -1 11 -1 26 -1 09 -1 26 -1 09 -1 13 -1 23 -1 26 -1 08 -1 08 -1 08 -1 08 -1 08 -1 08 -1 08 -1 08 -1 08 -1 08 -1 08 -1 08 -1 08 -1 08 -1 08 -1 08 -1 08 -1 08 -1 13 -1 03 -1 26 -1 09 -1 13 -1 26 -1 23 -1 26 -2
23 -1 09 -1 23 -1 26 -1 06 -1 19 -1 23 -1 26 -1 11 -1 11 -2
13 -1 17 -1 13 -1 09 -2
